1000 800
-99983 -1896
-99971 -2447
-99942 -3427
-99935 -3623
-99923 -3942
-99902 -4444
-99864 -5228
-99835 -5757
-99827 -5896
-99815 -6095
-99811 -6160
-99801 -6317
-99795 -6411
-99732 -7330
-99699 -7765
-99687 -7919
-99642 -8464
-99610 -8830
-99587 -9087
-99538 -9611
-99526 -9734
-99495 -10047
-99461 -10378
-99407 -10883
-99373 -11189
-99287 -11929
-99243 -12289
-99215 -12513
-99193 -12685
-99094 -13437
-99038 -13842
-98963 -14371
-98884 -14904
-98832 -15245
-98823 -15304
-98453 -17527
-98338 -18162
-98296 -18387
-98152 -19141
-98121 -19299
-97941 -20193
-97587 -21840
-97394 -22684
-97059 -24078
-96896 -24726
-96879 -24792
-96595 -25876
-96572 -25962
-96395 -26612
-96275 -27043
-95886 -28391
-95811 -28644
-95622 -29269
-95500 -29664
-95225 -30535
-94942 -31404
-94810 -31800
-94723 -32059
-94684 -32174
-94620 -32361
-94496 -32722
-94006 -34104
-93885 -34436
-93502 -35462
-93471 -35544
-93384 -35772
-93125 -36440
-92983 -36802
-92913 -36978
-92740 -37409
-92547 -37885
-92268 -38559
-92170 -38793
-92031 -39121
-91862 -39517
-91640 -40029
-91605 -40109
-91408 -40556
-91311 -40774
-90749 -42010
-90505 -42533
-89156 -45292
-89076 -45450
-88037 -47431
-87589 -48253
-87522 -48375
-86651 -49918
-86587 -50029
-86471 -50229
-86342 -50450
-85933 -51144
-85706 -51523
-85536 -51806
-84929 -52795
-84851 -52920
-83849 -54493
-82967 -55827
-82936 -55873
-82636 -56316
-82231 -56906
-82061 -57151
-81746 -57600
-81660 -57722
-81552 -57875
-81011 -58630
-80750 -58988
-80715 -59036
-80590 -59207
-80434 -59419
-80097 -59872
-79905 -60128
-79776 -60299
-79586 -60550
-79187 -61071
-78868 -61482
-78822 -61541
-78557 -61879
-78445 -62021
-78356 -62133
-78177 -62358
-78094 -62462
-77222 -63537
-77071 -63720
-77019 -63783
-76200 -64759
-75587 -65474
-74919 -66237
-74623 -66570
-74061 -67195
-72884 -68470
-72200 -69191
-71645 -69765
-70766 -70657
-70189 -71230
-69616 -71790
-69063 -72322
-68861 -72515
-68610 -72752
-68282 -73060
-67991 -73331
-67857 -73455
-66985 -74251
-66692 -74514
-66645 -74556
-65951 -75171
-65465 -75595
-64856 -76118
-64690 -76259
-64208 -76665
-62958 -77695
-62753 -77860
-61670 -78721
-61605 -78772
-61537 -78825
-61362 -78961
-60670 -79494
-59746 -80191
-58404 -81174
-57555 -81778
-57280 -81971
-56916 -82224
-55637 -83095
-54568 -83801
-53704 -84357
-53630 -84404
-53444 -84522
-53214 -84667
-52609 -85044
-52421 -85160
-52307 -85230
-50832 -86118
-48080 -87684
-47531 -87983
-46811 -88368
-46584 -88488
-45884 -88853
-44337 -89635
-44130 -89737
-43830 -89884
-43657 -89968
-43237 -90171
-43122 -90226
-42386 -90574
-40045 -91633
-38665 -92224
-37575 -92673
-37017 -92897
-34807 -93748
-33715 -94146
-32857 -94449
-31648 -94861
-31615 -94872
-30740 -95159
-29990 -95398
-29567 -95530
-28717 -95789
-28341 -95901
-27828 -96051
-27399 -96174
-26243 -96496
-25693 -96644
-25279 -96753
-23210 -97270
-22824 -97361
-22585 -97417
-22474 -97443
-22326 -97477
-21874 -97579
-21237 -97720
-18494 -98276
-18339 -98305
-17805 -98403
-17036 -98539
-16472 -98635
-15265 -98829
-15167 -98844
-14671 -98919
-14399 -98959
-13951 -99023
-13275 -99116
-13087 -99141
-12694 -99192
-12273 -99245
-12019 -99276
-11154 -99377
-10791 -99417
-10464 -99452
-9927 -99507
-9476 -99551
-9316 -99566
-9101 -99586
-8369 -99650
-7315 -99733
-6924 -99761
-6176 -99810
-5455 -99852
-5213 -99865
-5078 -99872
-4917 -99880
-4769 -99887
-4531 -99898
-4355 -99906
-4239 -99911
-3192 -99950
-2997 -99956
-2930 -99958
-2600 -99967
-868 -99997
-626 -99999
1068 -99995
1463 -99990
1646 -99987
2139 -99978
2232 -99976
3157 -99951
3598 -99936
3896 -99925
5207 -99865
5379 -99856
5773 -99834
6152 -99811
7283 -99735
7555 -99715
7839 -99693
7942 -99685
9399 -99558
9484 -99550
10406 -99458
10909 -99404
11134 -99379
11231 -99368
11530 -99334
11852 -99296
12901 -99165
13069 -99143
13168 -99130
13894 -99031
14486 -98946
14616 -98927
15068 -98859
15393 -98809
15659 -98767
17203 -98510
17859 -98393
18247 -98322
18747 -98228
19237 -98133
20293 -97920
20657 -97844
20798 -97814
22074 -97534
22105 -97527
22244 -97495
22617 -97409
22811 -97364
23118 -97292
23459 -97210
23768 -97135
23963 -97087
24178 -97034
24830 -96869
24981 -96830
25324 -96741
25427 -96714
26099 -96535
26360 -96464
26924 -96308
27490 -96148
28149 -95957
28663 -95805
28876 -95741
29104 -95672
30875 -95115
31273 -94985
31575 -94885
32243 -94660
33088 -94368
33482 -94229
33787 -94120
33887 -94084
34078 -94015
34216 -93965
35482 -93494
36394 -93143
36435 -93127
37466 -92717
37577 -92672
37891 -92544
38241 -92400
39664 -91798
40415 -91470
40726 -91332
40860 -91272
40889 -91259
41405 -91026
41794 -90848
42038 -90735
42371 -90580
42883 -90339
43053 -90258
43418 -90083
43592 -89999
44324 -89641
44748 -89430
45505 -89047
45947 -88820
46247 -88664
46557 -88502
46880 -88331
48285 -87571
48682 -87351
49331 -86986
51227 -85883
51958 -85443
52048 -85388
53354 -84578
53778 -84309
54611 -83772
54793 -83653
55080 -83464
55468 -83207
55973 -82868
56177 -82730
56543 -82480
57120 -82082
57306 -81952
58230 -81298
58347 -81214
58622 -81016
59064 -80694
59343 -80489
59605 -80295
60495 -79627
60743 -79438
60998 -79242
61072 -79185
61245 -79051
61787 -78628
61875 -78559
62687 -77913
63102 -77577
63495 -77256
64000 -76838
64797 -76167
65064 -75939
65505 -75559
65581 -75493
65673 -75413
65784 -75316
66663 -74539
66797 -74419
66874 -74350
67447 -73831
68190 -73145
68372 -72975
68988 -72393
69653 -71753
70138 -71279
70453 -70968
70807 -70615
71133 -70286
71449 -69965
71927 -69473
72123 -69270
72279 -69107
72446 -68932
72988 -68358
73241 -68087
73477 -67832
73763 -67521
74658 -66530
75098 -66033
75314 -65787
75812 -65212
75991 -65003
76322 -64614
76546 -64349
77222 -63536
77892 -62713
78162 -62376
79290 -60935
79574 -60564
79735 -60352
80049 -59935
81149 -58437
81236 -58316
81853 -57447
82281 -56832
82669 -56266
83166 -55529
83781 -54597
84016 -54234
84058 -54169
84738 -53099
84824 -52962
85298 -52195
85756 -51439
85976 -51070
86308 -50507
86652 -49915
86722 -49793
86976 -49348
87119 -49095
87360 -48665
87676 -48093
87800 -47866
87868 -47741
88275 -46985
88620 -46330
88740 -46100
88819 -45948
89276 -45053
89816 -43967
90084 -43415
90295 -42975
90538 -42460
91046 -41359
91793 -39674
92134 -38876
92438 -38147
92516 -37957
92625 -37691
93073 -36571
93213 -36213
93830 -34582
94005 -34104
94156 -33685
94275 -33350
94343 -33157
94548 -32568
94683 -32174
95161 -30731
95234 -30503
95512 -29622
95754 -28830
96438 -26452
96510 -26188
96569 -25970
96577 -25940
96707 -25451
96751 -25283
96852 -24893
97009 -24273
97123 -23814
97161 -23659
97298 -23088
97643 -21583
97820 -20766
97869 -20534
97958 -20105
97977 -20012
98050 -19652
98315 -18280
98424 -17684
98679 -16201
98699 -16078
98836 -15213
98858 -15069
98922 -14644
98954 -14424
99004 -14078
99140 -13087
99421 -10744
99602 -8910
99660 -8239
99682 -7969
99724 -7423
99808 -6190
99817 -6041
99841 -5636
99844 -5583
99863 -5229
99874 -5016
99883 -4830
99903 -4399
99939 -3491
99974 -2269
99976 -2180
99999 -431
99999 392
99996 882
99989 1466
99962 2755
99955 2997
99893 4623
99886 4770
99878 4937
99842 5618
99818 6030
99766 6836
99730 7342
99721 7463
99703 7699
99683 7954
99666 8166
99622 8684
99609 8833
99461 10366
99381 11105
99305 11765
99217 12486
99197 12645
99121 13228
99024 13934
99010 14034
98863 15036
98828 15265
98687 16150
98369 17984
98233 18713
98185 18964
98045 19676
97855 20600
97627 21655
97570 21909
97507 22188
97433 22512
97393 22684
97369 22787
97279 23168
97108 23875
97069 24032
96996 24324
96817 25029
96777 25183
96320 26878
95999 28002
95932 28231
95915 28289
95700 29008
95669 29110
95568 29439
95265 30406
94143 33720
93421 35672
93294 36002
93076 36562
92860 37108
92684 37545
92476 38054
92392 38257
92188 38747
92116 38917
91774 39718
91335 40717
91017 41423
90891 41699
90725 42059
90508 42524
90428 42693
90236 43098
90180 43215
90112 43356
89933 43726
89690 44222
89402 44802
88643 46286
88496 46566
87690 48066
87436 48527
87202 48946
87073 49175
86965 49366
86669 49884
86507 50164
86314 50496
86273 50566
85727 51486
85275 52231
84715 53135
84410 53618
83984 54283
83485 55047
83353 55247
83058 55689
82822 56040
82693 56230
82244 56885
81927 57340
81734 57615
81547 57879
80427 59426
79766 60310
79402 60789
79320 60896
78407 62067
77698 62952
77548 63137
76695 64170
76497 64406
75690 65352
75343 65752
73342 67977
72115 69277
71527 69884
71448 69965
71000 70420
68168 73165
67803 73503
67450 73827
67153 74097
66312 74851
65235 75791
65022 75974
64258 76621
64068 76780
63936 76890
63781 77019
63149 77538
62921 77723
62385 78154
62067 78407
61687 78706
60979 79256
60047 79964
59879 80090
59414 80436
58527 81083
57761 81631
56676 82388
56485 82519
56447 82545
55940 82889
55836 82959
54942 83554
54863 83606
54428 83890
54269 83993
53863 84254
53313 84603
53090 84743
52975 84815
52140 85331
51855 85504
51761 85561
51527 85702
49410 86940
48898 87229
48698 87341
48520 87440
48430 87490
47139 88192
47124 88200
46625 88465
46387 88590
46243 88665
45789 88900
45725 88933
44985 89310
44880 89363
44598 89504
44312 89646
44048 89776
43609 89990
42699 90425
42408 90562
42036 90735
40777 91308
39657 91800
39226 91985
37769 92593
37409 92739
37362 92758
37215 92817
36447 93121
36219 93210
35971 93306
35768 93384
34905 93710
34738 93772
33453 94238
33117 94357
32741 94488
31719 94836
31548 94893
31409 94939
30344 95285
29785 95461
28812 95759
28706 95791
28609 95820
27685 96091
27507 96142
26690 96372
25351 96733
23728 97144
21941 97563
21807 97593
21336 97697
21226 97721
20570 97861
19469 98086
19318 98116
18220 98326
17075 98531
16168 98684
15840 98737
15218 98835
14824 98895
13081 99140
12558 99208
12133 99261
11090 99383
10332 99464
9734 99525
9672 99531
9111 99584
8775 99614
8601 99629
7993 99680
5756 99834
4216 99911
3939 99922
3761 99929
3575 99936
2986 99955
2740 99962
2528 99968
2187 99976
1839 99983
1659 99986
1094 99994
-1607 99987
-2607 99966
-2962 99956
-3736 99930
-3968 99921
-4464 99900
-4803 99884
-4990 99875
-6143 99811
-6320 99800
-8546 99634
-8977 99596
-9242 99572
-9628 99535
-10455 99452
-10660 99430
-11649 99319
-11869 99293
-12840 99172
-13124 99135
-13923 99026
-14043 99009
-14330 98968
-14433 98953
-14718 98911
-15742 98753
-16229 98674
-17617 98436
-18210 98328
-19501 98080
-19652 98050
-20333 97911
-20794 97814
-21022 97765
-22983 97323
-23527 97193
-24702 96901
-24886 96854
-25275 96753
-25768 96623
-26195 96508
-27928 96021
-28102 95970
-28370 95891
-28797 95764
-29532 95540
-30325 95291
-31335 94964
-32055 94723
-32449 94589
-33049 94381
-33449 94240
-33707 94148
-34301 93933
-34844 93733
-34957 93691
-35626 93439
-36650 93042
-38897 92125
-40424 91465
-41032 91194
-41281 91082
-42646 90451
-43088 90241
-45024 89291
-45235 89184
-45629 88983
-45942 88822
-46333 88619
-46766 88391
-47422 88041
-47805 87833
-47996 87729
-48629 87380
-49819 86707
-50976 86032
-51303 85837
-52488 85118
-52686 84995
-53072 84755
-54021 84153
-54353 83939
-54989 83524
-55242 83357
-56101 82781
-57288 81964
-57464 81841
-57610 81738
-58175 81337
-58340 81219
-58696 80962
-58990 80748
-59199 80595
-59880 80090
-60231 79826
-60354 79733
-60652 79507
-61378 78948
-61459 78885
-61536 78825
-62926 77720
-63022 77642
-63184 77510
-63283 77429
-63559 77203
-63851 76962
-64143 76718
-64550 76376
-64763 76196
-64947 76039
-65913 75203
-65962 75160
-66322 74843
-67462 73817
-67923 73393
-68079 73248
-68487 72867
-69239 72153
-70446 70975
-70814 70608
-71069 70351
-71420 69995
-71513 69900
-71865 69538
-72351 69032
-72450 68928
-72853 68502
-73396 67920
-73787 67495
-74167 67077
-74359 66864
-74386 66834
-74543 66659
-74815 66354
-75080 66054
-75347 65749
-75599 65459
-75787 65241
-75830 65191
-76152 64815
-76560 64332
-76581 64307
-77066 63725
-77745 62895
-78057 62507
-79382 60816
-79432 60751
-79464 60709
-79547 60600
-79754 60327
-80171 59772
-80291 59611
-81098 58508
-81473 57985
-81505 57940
-81591 57819
-81954 57303
-82466 56564
-82690 56235
-83315 55306
-83761 54628
-83921 54382
-84398 53638
-84638 53259
-84881 52870
-85471 51912
-85739 51468
-86098 50865
-86208 50678
-87064 49193
-87225 48907
-87539 48343
-87627 48183
-88108 47298
-88310 46919
-88769 46045
-88868 45854
-89025 45548
-89095 45411
-89416 44776
-89627 44352
-89856 43887
-90553 42429
-90707 42099
-91005 41451
-91389 40597
-91505 40335
-92401 38238
-92554 37867
-92677 37565
-92750 37384
-92940 36908
-93871 34472
-93964 34218
-94228 33484
-94782 31883
-94839 31712
-95097 30931
-95927 28251
-96023 27924
-96315 26898
-96499 26231
-96569 25972
-96792 25129
-97083 23980
-97105 23891
-97343 22902
-97595 21803
-97791 20905
-98177 19012
-98272 18514
-98278 18482
-98409 17771
-98458 17498
-98506 17226
-98536 17053
-98756 15730
-98820 15322
-98984 14223
-98986 14209
-99036 13857
-99261 12142
-99280 11984
-99295 11858
-99323 11622
-99518 9815
-99612 8811
-99633 8570
-99676 8052
-99682 7979
-99721 7476
-99739 7232
-99779 6652
-99863 5246
-99874 5030
-99898 4534
-99930 3761
-99971 2443
