1000 900
-99999 -632
-99993 -1258
-99990 -1472
-99986 -1724
-99981 -1997
-99957 -2961
-99955 -3024
-99949 -3211
-99932 -3712
-99908 -4311
-99895 -4599
-99861 -5290
-99835 -5757
-99806 -6239
-99791 -6476
-99750 -7078
-99707 -7660
-99608 -8855
-99572 -9249
-99539 -9599
-99505 -9947
-99493 -10066
-99388 -11054
-99135 -13131
-99112 -13304
-99103 -13371
-99012 -14029
-98893 -14845
-98839 -15200
-98767 -15660
-98733 -15874
-98707 -16035
-98532 -17077
-98477 -17391
-98415 -17739
-98340 -18149
-98212 -18831
-98081 -19502
-98004 -19885
-97480 -22313
-97456 -22417
-97042 -24147
-96800 -25099
-96728 -25375
-96476 -26316
-96459 -26378
-96162 -27442
-96076 -27742
-95912 -28303
-95353 -30133
-95276 -30375
-95197 -30623
-95112 -30886
-94954 -31367
-94711 -32094
-94379 -33057
-94022 -34060
-93662 -35038
-93195 -36262
-93020 -36708
-92859 -37114
-92676 -37568
-91520 -40302
-91444 -40474
-91247 -40917
-91060 -41331
-90926 -41626
-90849 -41793
-90657 -42207
-90508 -42526
-90443 -42665
-89977 -43639
-89819 -43963
-89480 -44649
-89000 -45598
-88306 -46928
-88167 -47189
-88078 -47355
-88005 -47490
-87635 -48169
-87309 -48758
-87191 -48969
-86933 -49425
-86805 -49650
-86207 -50681
-86029 -50982
-85649 -51618
-85317 -52165
-85128 -52473
-84905 -52833
-84630 -53273
-84399 -53638
-83970 -54307
-83802 -54566
-83151 -55553
-82875 -55963
-82484 -56538
-82235 -56900
-81278 -58259
-81075 -58541
-80709 -59045
-80429 -59425
-79949 -60070
-79730 -60360
-79542 -60608
-79076 -61214
-79042 -61258
-78162 -62377
-78017 -62558
-77718 -62929
-77457 -63251
-76986 -63823
-76176 -64788
-75638 -65415
-75461 -65619
-75133 -65994
-75011 -66133
-74806 -66365
-74475 -66736
-74151 -67096
-73530 -67776
-73213 -68118
-73047 -68296
-72939 -68411
-72662 -68705
-72328 -69057
-72131 -69263
-71942 -69459
-71801 -69605
-71672 -69738
-71598 -69814
-71233 -70186
-70978 -70444
-70757 -70666
-70357 -71064
-69108 -72279
-68663 -72702
-68253 -73087
-68135 -73197
-67966 -73354
-67704 -73596
-67152 -74100
-66587 -74608
-66176 -74973
-65594 -75483
-65417 -75636
-64778 -76184
-63939 -76890
-63622 -77152
-62220 -78287
-61191 -79094
-60860 -79349
-60710 -79464
-60492 -79630
-60338 -79747
-59844 -80118
-59734 -80200
-58730 -80938
-58393 -81182
-56210 -82708
-55962 -82876
-55787 -82994
-54381 -83922
-54174 -84056
-53207 -84671
-52992 -84806
-52828 -84908
-52683 -84998
-50019 -86593
-49859 -86685
-49622 -86821
-49243 -87036
-47855 -87807
-47611 -87940
-47217 -88152
-46840 -88353
-45445 -89078
-44422 -89593
-43638 -89977
-43496 -90046
-43268 -90156
-41795 -90848
-41632 -90923
-41192 -91123
-40985 -91216
-40726 -91332
-40409 -91473
-40141 -91591
-39328 -91943
-38994 -92085
-37186 -92830
-37041 -92888
-35237 -93587
-35152 -93619
-34255 -93951
-34060 -94022
-33813 -94111
-33410 -94255
-33152 -94346
-32894 -94436
-31643 -94862
-29628 -95511
-29456 -95564
-28942 -95721
-27794 -96061
-27686 -96092
-27317 -96197
-27067 -96268
-26904 -96314
-26144 -96523
-25862 -96599
-25122 -96794
-23621 -97171
-23130 -97289
-21816 -97592
-21704 -97617
-20774 -97819
-19756 -98030
-19310 -98119
-18986 -98182
-18709 -98235
-18176 -98335
-17944 -98378
-17042 -98538
-16561 -98620
-16376 -98651
-15917 -98726
-15380 -98811
-14704 -98914
-13546 -99079
-13107 -99138
-12932 -99161
-12670 -99195
-10164 -99483
-9349 -99563
-9088 -99587
-8857 -99608
-7890 -99689
-7701 -99704
-7436 -99724
-6097 -99815
-5510 -99849
-5078 -99872
-4896 -99881
-4794 -99886
-4668 -99892
-3064 -99954
-2893 -99959
-2560 -99968
-2094 -99979
1083 -99995
1260 -99993
1476 -99990
2171 -99977
2791 -99962
3710 -99932
3838 -99927
4283 -99909
4788 -99886
4958 -99878
5923 -99825
6397 -99796
7192 -99742
8319 -99654
9075 -99588
9250 -99572
9975 -99502
10269 -99472
10472 -99451
10955 -99399
11338 -99356
11563 -99330
12312 -99240
13181 -99128
13833 -99039
14141 -98996
14568 -98934
14824 -98896
15082 -98857
16009 -98711
16222 -98676
17035 -98539
18497 -98275
19206 -98139
20075 -97965
20264 -97926
21497 -97663
22542 -97427
23268 -97256
23641 -97166
24469 -96961
25093 -96801
26305 -96479
27406 -96172
28410 -95880
28998 -95704
29238 -95631
29343 -95599
29808 -95455
30305 -95298
30639 -95191
31053 -95057
32151 -94691
33147 -94347
33408 -94255
34260 -93949
34838 -93736
36061 -93272
36157 -93235
36309 -93176
36939 -92928
37478 -92712
38037 -92484
38608 -92247
39029 -92070
39483 -91876
39618 -91818
40295 -91523
42573 -90486
43586 -90002
44007 -89797
44164 -89720
45650 -88973
45870 -88860
46300 -88636
46930 -88304
47311 -88101
47526 -87985
48134 -87654
48323 -87550
48491 -87457
48610 -87391
49478 -86902
50178 -86500
50746 -86168
51264 -85861
51539 -85696
51770 -85557
52194 -85299
52342 -85208
52653 -85016
53200 -84675
54751 -83680
54998 -83518
55071 -83470
56457 -82539
56977 -82181
57798 -81606
58735 -80934
59975 -80019
60967 -79266
62301 -78222
62520 -78047
62885 -77753
63107 -77573
63525 -77231
64437 -76472
65065 -75938
65968 -75155
66010 -75118
66355 -74814
67094 -74152
67257 -74004
68083 -73245
69496 -71905
69965 -71449
70077 -71339
70457 -70964
70626 -70796
70669 -70753
70969 -70452
71774 -69632
72470 -68907
72738 -68624
73766 -67518
73886 -67386
74229 -67008
74552 -66649
74869 -66293
75143 -65982
75775 -65255
76069 -64912
76270 -64676
76525 -64374
76969 -63842
77113 -63668
77564 -63118
78042 -62526
78445 -62020
79941 -60079
80205 -59726
80447 -59400
80750 -58987
80962 -58696
81089 -58520
81202 -58363
81297 -58231
81531 -57903
81884 -57402
82526 -56476
82595 -56375
82973 -55817
83105 -55620
83883 -54440
84051 -54180
84215 -53925
84714 -53137
84974 -52721
85189 -52372
85353 -52105
85554 -51774
85913 -51176
86154 -50769
86351 -50433
86618 -49973
86928 -49432
88241 -47048
88406 -46738
88819 -45948
89340 -44927
89560 -44486
89964 -43663
90256 -43057
90703 -42107
91111 -41216
91789 -39684
92273 -38545
92525 -37936
93038 -36660
93212 -36215
93445 -35610
93903 -34383
94004 -34105
94274 -33353
94686 -32165
94929 -31440
95181 -30669
95345 -30155
95444 -29840
95618 -29276
96068 -27766
96091 -27686
96610 -25816
96742 -25318
96775 -25191
96854 -24886
97038 -24158
97074 -24013
97101 -23904
97322 -22988
97392 -22689
97478 -22316
97653 -21538
97717 -21245
98013 -19835
98207 -18852
98671 -16249
98705 -16040
99064 -13650
99380 -11116
99438 -10586
99486 -10125
99509 -9896
99547 -9508
99610 -8822
99660 -8239
99675 -8051
99694 -7810
99710 -7604
99733 -7302
99739 -7220
99766 -6836
99776 -6687
99792 -6446
99832 -5788
99853 -5419
99886 -4772
99927 -3815
99938 -3514
99949 -3187
99963 -2716
99991 -1326
99994 -1091
99998 -622
99999 244
99998 572
99997 751
99992 1260
99989 1461
99938 3517
99838 5684
99811 6140
99799 6335
99755 6992
99737 7244
99658 8261
99641 8463
99597 8966
99551 9461
99397 10964
99222 12448
99164 12899
99107 13332
99023 13943
98975 14280
98948 14466
98906 14751
98900 14791
98854 15095
98805 15412
98728 15895
98711 16001
98581 16782
98559 16911
98478 17380
98305 18333
98154 19124
98049 19656
97890 20432
97665 21483
97119 23829
96703 25466
96655 25646
96374 26684
95496 29673
95355 30122
95286 30340
95050 31072
94854 31665
94752 31969
94604 32404
93911 34361
93495 35477
93406 35711
93337 35891
93203 36238
92831 37180
92805 37245
92521 37945
92206 38704
91477 40397
90965 41537
90285 42995
90119 43342
89855 43887
89750 44101
89423 44760
89110 45380
88597 46374
88586 46395
88436 46679
88261 47010
88139 47238
87974 47545
86445 50271
85638 51634
85309 52176
84670 53206
84490 53492
84166 54000
84132 54053
83745 54651
83649 54798
83449 55102
83404 55170
83163 55532
82765 56124
82313 56785
82023 57203
81743 57602
81149 58436
81123 58472
80509 59315
80324 59565
80153 59795
79886 60151
79822 60236
79566 60574
79357 60847
79208 61041
78891 61450
78376 62106
78058 62505
77993 62586
77576 63102
77310 63428
77250 63501
76840 63996
76706 64157
75884 65127
75769 65261
75121 66006
73611 67686
73484 67824
72941 68407
72765 68594
72536 68836
72019 69377
71900 69500
71165 70253
68903 72473
68731 72636
68166 73166
67676 73620
67234 74024
65457 75600
65385 75662
65170 75847
65106 75902
64443 76466
63892 76927
62857 77775
62663 77931
62300 78222
62169 78326
61408 78924
60474 79642
60453 79658
60330 79751
59918 80061
59493 80377
58706 80954
57792 81609
57056 82125
56690 82378
56584 82451
56432 82555
56225 82696
55951 82882
55024 83500
54642 83751
53938 84206
53759 84320
53498 84486
53281 84623
52376 85186
51707 85594
51549 85689
51314 85830
51182 85909
51061 85981
50640 86229
50338 86406
48986 87180
47667 87908
47480 88009
47240 88138
46931 88303
46850 88346
46128 88725
45670 88962
44360 89622
43545 90021
42676 90436
42525 90507
41981 90761
41725 90879
40887 91259
40755 91318
40564 91403
40361 91493
40263 91536
39888 91700
38927 92112
38808 92162
37093 92866
36743 93005
35857 93350
35771 93383
35348 93544
33957 94058
33921 94071
33267 94304
31590 94879
30259 95312
29048 95688
28859 95745
28519 95847
27893 96031
27504 96143
27339 96190
26422 96446
24967 96833
24638 96917
24161 97037
22889 97345
22645 97402
22143 97517
21203 97726
20830 97806
20713 97831
20585 97858
19449 98090
18989 98180
18604 98254
17615 98436
17514 98454
17339 98485
17064 98533
16392 98647
15904 98727
14844 98892
14500 98943
13800 99043
13539 99079
12756 99183
12449 99222
12401 99228
12215 99251
11724 99310
11329 99356
10808 99414
9485 99549
8867 99606
8663 99624
8177 99665
7840 99692
7316 99732
7160 99743
5363 99856
4598 99894
3628 99934
3375 99943
2816 99960
2598 99966
2090 99978
1788 99984
869 99996
630 99998
409 99999
-632 99998
-2428 99970
-3629 99934
-4991 99875
-5032 99873
-5362 99856
-6176 99809
-6895 99762
-7955 99683
-8570 99632
-8991 99595
-10690 99427
-10919 99402
-11100 99382
-11294 99360
-12183 99255
-12938 99159
-13446 99092
-14424 98954
-14637 98923
-15011 98867
-15868 98733
-15899 98728
-16016 98709
-16243 98672
-16418 98643
-16586 98615
-17398 98475
-18133 98342
-18526 98269
-18997 98179
-21048 97760
-21397 97684
-21660 97626
-22719 97385
-23068 97303
-23276 97253
-23802 97126
-23843 97116
-24955 96836
-25021 96819
-25267 96755
-25884 96592
-26648 96384
-26782 96347
-27439 96162
-28348 95898
-28833 95753
-29477 95557
-29882 95431
-30082 95368
-30625 95195
-31265 94987
-31729 94833
-31866 94787
-33126 94354
-33646 94170
-34065 94019
-34296 93935
-34696 93788
-35364 93538
-35451 93505
-35685 93416
-35853 93352
-36246 93200
-37153 92842
-37532 92689
-37678 92630
-38379 92342
-38588 92255
-38691 92212
-39638 91809
-40073 91620
-40699 91343
-40956 91228
-41906 90796
-42027 90740
-42375 90578
-44006 89797
-45451 89074
-46649 88453
-46843 88350
-47046 88242
-47498 88000
-47877 87794
-48862 87250
-48994 87176
-49453 86916
-50483 86322
-51028 86001
-51174 85914
-51897 85479
-52227 85278
-52541 85085
-53641 84396
-53820 84282
-54335 83951
-54563 83803
-55113 83442
-55204 83382
-55725 83035
-56659 82400
-56704 82369
-57475 81833
-58692 80965
-58879 80829
-59106 80663
-59844 80117
-60555 79581
-60778 79411
-61697 78699
-61859 78572
-62643 77948
-62916 77728
-63479 77269
-63592 77176
-63813 76993
-64239 76638
-64732 76222
-64853 76119
-65057 75945
-65218 75807
-65343 75699
-65622 75457
-65684 75403
-66018 75111
-66143 75001
-66360 74809
-66482 74701
-66709 74498
-66806 74411
-66904 74323
-67026 74213
-67057 74185
-67872 73440
-68074 73253
-68215 73122
-68408 72941
-68627 72735
-68991 72390
-69190 72200
-69790 71620
-70212 71206
-70532 70889
-71300 70117
-71507 69906
-71667 69742
-71991 69407
-72241 69147
-72435 68944
-73006 68339
-73127 68209
-73798 67483
-74484 66725
-74510 66696
-74788 66384
-74913 66243
-75032 66108
-75801 65225
-76048 64937
-76393 64531
-76810 64034
-77106 63677
-78401 62075
-78657 61750
-78991 61323
-80797 58923
-80941 58725
-81105 58498
-81446 58023
-81707 57655
-82357 56722
-83778 54601
-83943 54347
-84334 53739
-84592 53332
-84692 53173
-85069 52568
-85384 52054
-85737 51471
-86107 50850
-86275 50564
-86468 50233
-86620 49971
-86780 49693
-86929 49431
-87521 48376
-88229 47072
-88568 46431
-89081 45439
-89176 45252
-89271 45064
-90241 43089
-90601 42327
-90674 42171
-90743 42022
-90931 41613
-91093 41258
-91237 40938
-91474 40406
-91636 40037
-92091 38979
-92211 38694
-92263 38570
-92810 37235
-92856 37120
-93049 36634
-93125 36440
-93280 36041
-93421 35674
-93545 35348
-93993 34139
-94155 33689
-94330 33196
-94368 33088
-94420 32939
-94466 32807
-94516 32663
-94835 31723
-94927 31447
-95223 30540
-95609 29310
-95836 28559
-95927 28252
-96061 27791
-96387 26640
-96574 25953
-96660 25631
-96755 25271
-96852 24897
-97063 24061
-97299 23088
-97335 22935
-97484 22294
-97545 22025
-97600 21781
-97727 21204
-97998 19913
-98225 18761
-98319 18263
-98361 18035
-98509 17209
-98547 16990
-98693 16120
-98712 16002
-98923 14643
-99028 13914
-99113 13296
-99137 13114
-99224 12441
-99336 11512
-99426 10706
-99464 10346
-99532 9671
-99543 9557
-99623 8681
-99641 8472
-99676 8055
-99735 7287
-99754 7023
-99790 6486
-99827 5895
-99846 5561
-99916 4118
-99954 3056
-99970 2482
-99974 2306
-99984 1839
-99997 879
-99998 765
