1000 1000
-99997 -883
-99992 -1336
-99990 -1474
-99986 -1723
-99713 -7581
-99700 -7752
-99660 -8251
-99604 -8901
-99545 -9536
-99494 -10057
-99436 -10612
-99351 -11383
-99240 -12313
-99192 -12692
-99100 -13393
-99072 -13599
-99015 -14008
-98973 -14302
-98825 -15291
-98783 -15560
-98725 -15924
-98687 -16158
-98648 -16393
-98647 -16399
-98595 -16710
-98562 -16903
-98482 -17363
-98452 -17533
-98383 -17916
-98342 -18140
-98301 -18360
-98126 -19274
-98103 -19391
-98012 -19845
-97970 -20052
-97875 -20511
-97528 -22101
-97451 -22438
-97379 -22749
-97303 -23072
-97258 -23261
-97112 -23863
-97074 -24018
-96813 -25049
-96730 -25367
-96563 -25996
-96466 -26353
-95918 -28283
-95739 -28883
-95663 -29133
-95652 -29169
-95212 -30576
-95072 -31008
-94780 -31890
-94272 -33362
-94212 -33531
-94099 -33847
-93929 -34315
-93817 -34621
-93392 -35751
-93009 -36735
-92810 -37236
-92723 -37452
-92262 -38574
-92198 -38726
-92013 -39164
-91684 -39928
-91422 -40524
-91145 -41144
-90912 -41656
-90407 -42741
-89917 -43762
-89812 -43977
-89761 -44081
-89567 -44474
-89273 -45062
-88362 -46823
-87688 -48073
-87340 -48703
-87033 -49249
-86840 -49588
-86492 -50193
-86016 -51005
-85702 -51530
-85080 -52551
-84816 -52976
-84296 -53800
-83980 -54292
-83749 -54647
-83630 -54829
-83436 -55124
-83354 -55248
-82988 -55796
-82518 -56489
-81342 -58169
-81332 -58183
-81034 -58598
-80987 -58663
-80365 -59512
-80168 -59777
-80052 -59932
-79639 -60480
-79566 -60576
-79486 -60681
-78938 -61392
-78694 -61705
-78368 -62118
-77905 -62698
-77354 -63376
-77129 -63650
-76985 -63824
-76788 -64061
-76681 -64189
-74397 -66823
-74142 -67106
-73183 -68150
-72943 -68407
-72147 -69246
-72073 -69323
-71847 -69557
-71700 -69709
-71055 -70366
-70381 -71040
-69641 -71766
-69607 -71799
-68773 -72598
-68552 -72807
-67741 -73562
-67584 -73706
-67307 -73959
-67023 -74217
-66734 -74477
-66439 -74740
-66314 -74851
-66028 -75103
-65091 -75917
-64765 -76195
-64476 -76440
-64281 -76604
-62799 -77823
-62527 -78042
-61785 -78631
-61229 -79065
-60693 -79477
-60196 -79854
-59745 -80192
-58732 -80937
-56880 -82249
-56315 -82637
-55921 -82904
-55844 -82956
-55628 -83101
-54615 -83770
-54393 -83914
-53193 -84680
-52862 -84887
-52758 -84952
-52635 -85028
-52363 -85196
-52013 -85410
-51764 -85561
-51231 -85881
-50521 -86301
-50360 -86395
-49298 -87005
-48364 -87528
-46779 -88385
-46189 -88695
-45936 -88826
-45711 -88942
-45604 -88997
-45442 -89080
-44723 -89443
-44264 -89671
-44195 -89705
-43873 -89863
-43581 -90005
-43359 -90112
-42647 -90451
-41823 -90835
-40713 -91338
-40006 -91650
-39294 -91957
-39072 -92052
-38966 -92097
-38564 -92266
-38201 -92417
-37334 -92770
-35842 -93357
-35411 -93521
-34842 -93735
-34185 -93976
-32700 -94503
-32349 -94624
-32212 -94671
-31621 -94870
-30422 -95261
-30022 -95388
-29885 -95431
-29789 -95461
-29189 -95646
-29120 -95667
-28853 -95748
-26636 -96388
-26143 -96523
-25337 -96738
-23724 -97146
-23349 -97237
-20615 -97853
-20367 -97905
-20011 -97978
-19263 -98128
-18721 -98233
-18547 -98266
-17442 -98468
-17013 -98543
-16550 -98622
-16448 -98639
-15256 -98830
-14064 -99007
-13816 -99042
-13526 -99082
-12959 -99157
-12750 -99184
-12400 -99229
-12306 -99241
-11570 -99329
-11284 -99362
-10910 -99404
-10302 -99469
-10124 -99487
-9285 -99569
-8946 -99600
-8525 -99637
-8031 -99678
-6910 -99762
-6628 -99781
-5897 -99827
-5494 -99850
-5126 -99869
-4021 -99920
-3220 -99949
-2444 -99971
-1878 -99983
-1394 -99991
891 -99997
2043 -99980
2958 -99957
3330 -99945
4600 -99895
4853 -99883
5468 -99851
5668 -99840
6220 -99807
6801 -99769
6934 -99760
7079 -99750
7274 -99736
9292 -99568
9440 -99554
9693 -99530
10954 -99399
12978 -99155
13655 -99064
14402 -98958
14996 -98870
15539 -98786
15867 -98734
16387 -98649
16472 -98635
16637 -98607
17242 -98503
17504 -98457
17997 -98368
18177 -98335
20051 -97970
21194 -97729
21655 -97628
21927 -97567
22065 -97536
24345 -96992
25473 -96702
25909 -96586
28190 -95945
28961 -95715
29178 -95649
29482 -95556
29560 -95532
30810 -95136
30939 -95094
31515 -94905
31566 -94888
31844 -94795
31933 -94765
32252 -94657
33030 -94388
33379 -94265
34478 -93869
35015 -93670
36289 -93184
36980 -92912
37270 -92796
37332 -92771
37932 -92527
38253 -92395
38711 -92204
39236 -91982
39808 -91736
40351 -91498
41002 -91208
41844 -90825
42649 -90450
42818 -90370
43018 -90275
43574 -90008
45472 -89064
46895 -88323
47396 -88055
47543 -87976
48487 -87459
48723 -87328
48982 -87183
49296 -87006
49319 -86993
49377 -86960
49714 -86768
49794 -86722
50877 -86091
51851 -85508
52329 -85216
53133 -84717
53273 -84629
53930 -84212
56028 -82831
56249 -82681
56963 -82191
57075 -82113
57487 -81825
57656 -81706
57769 -81626
59347 -80486
60370 -79722
60828 -79373
61372 -78953
61513 -78843
63643 -77134
64120 -76738
64262 -76619
64598 -76336
64811 -76155
66365 -74805
66462 -74719
67326 -73941
68003 -73319
68193 -73142
68223 -73114
69254 -72138
69461 -71939
69559 -71844
69862 -71550
70122 -71295
70484 -70937
70764 -70658
71781 -69624
72142 -69250
72260 -69127
72500 -68875
72750 -68611
72931 -68419
72976 -68371
73530 -67775
74332 -66894
74653 -66535
74851 -66312
75153 -65970
76428 -64489
76559 -64333
76760 -64093
77120 -63660
77309 -63430
77742 -62899
78141 -62402
78454 -62008
79103 -61178
79785 -60286
80071 -59906
80388 -59480
80738 -59003
81027 -58606
81121 -58476
81223 -58334
81673 -57702
82290 -56819
82446 -56592
82981 -55805
83150 -55553
83407 -55166
83992 -54271
84263 -53849
84833 -52947
85137 -52457
85212 -52335
85485 -51888
85658 -51602
85823 -51327
86008 -51016
86682 -49862
86727 -49784
87060 -49200
87824 -47822
87923 -47640
88099 -47314
88857 -45874
88889 -45812
88942 -45709
89112 -45377
89246 -45113
89401 -44805
89755 -44091
89901 -43793
90221 -43130
90499 -42544
90617 -42292
90651 -42219
91271 -40861
91770 -39727
91875 -39484
91930 -39356
92237 -38631
92370 -38312
92406 -38225
92479 -38048
92806 -37243
92878 -37063
92976 -36817
93049 -36632
93279 -36042
93351 -35855
93493 -35484
93783 -34709
94248 -33426
94288 -33313
94294 -33296
94364 -33097
94425 -32923
94525 -32635
94629 -32332
94770 -31916
95016 -31176
95162 -30727
95243 -30476
95317 -30244
95775 -28760
96053 -27818
96077 -27735
96196 -27319
96250 -27128
96436 -26459
96586 -25906
96745 -25306
97067 -24041
97600 -21777
97701 -21319
97783 -20940
97832 -20710
97924 -20270
98057 -19617
98118 -19310
98235 -18706
98277 -18484
98363 -18018
98453 -17521
98526 -17107
98554 -16944
98640 -16434
98853 -15103
99083 -13511
99120 -13236
99192 -12687
99216 -12496
99242 -12287
99327 -11580
99354 -11343
99416 -10790
99453 -10444
99514 -9845
99532 -9662
99563 -9338
99584 -9112
99606 -8869
99753 -7024
99816 -6063
99821 -5981
99839 -5671
99887 -4742
99908 -4288
99938 -3513
99975 -2230
99996 -872
99998 607
99981 1948
99955 2996
99933 3657
99885 4785
99868 5133
99865 5193
99831 5806
99824 5924
99789 6491
99709 7620
99656 8286
99569 9273
99537 9609
99505 9934
99493 10055
99460 10374
99400 10936
99385 11072
99374 11170
99199 12631
99064 13645
98931 14582
98826 15277
98691 16126
98612 16602
98596 16697
98489 17317
98412 17748
98382 17915
98258 18583
98010 19849
97836 20688
97721 21226
97634 21622
97496 22237
97378 22747
97348 22876
97248 23296
97104 23891
96919 24631
96799 25098
96390 26625
96377 26672
96025 27913
95829 28578
95792 28703
95364 30094
95221 30544
95180 30671
94832 31730
94743 31995
94628 32334
94404 32982
94335 33179
94200 33561
94115 33798
94019 34064
93965 34213
93430 35647
92963 36849
92856 37118
92651 37626
92506 37981
92290 38503
92176 38775
92136 38870
91793 39673
91705 39876
91623 40065
91238 40933
91132 41169
90828 41834
90332 42896
90051 43483
89644 44316
89403 44800
89147 45307
89109 45382
88777 46028
88695 46186
87380 48628
87266 48832
87001 49303
86707 49817
86540 50107
86462 50242
86353 50429
86302 50516
85658 51601
85545 51788
85361 52091
85149 52437
84700 53159
84507 53465
83554 54942
83046 55707
82860 55984
82573 56406
81689 57679
81088 58521
80861 58834
80759 58974
80527 59290
80453 59390
80258 59653
80109 59853
79848 60202
79391 60803
79115 61161
78629 61785
78437 62029
76493 64411
75858 65157
75335 65761
75003 66140
74447 66765
73926 67341
73774 67508
73488 67819
73003 68341
72548 68824
72372 69009
72005 69392
71287 70129
71055 70364
70911 70509
70515 70905
70196 71221
69829 71581
69524 71877
68121 73208
67639 73654
67150 74100
66618 74579
66333 74832
65318 75720
65106 75902
64855 76117
64611 76324
63862 76952
63275 77435
62924 77720
62818 77806
62439 78111
62351 78181
62019 78445
61663 78725
59889 80083
58255 81279
57199 82026
57071 82115
56683 82383
56591 82446
56322 82630
55748 83019
54761 83673
54343 83945
54106 84098
52176 85309
51612 85651
51099 85958
50953 86045
50743 86169
50183 86496
49757 86742
49396 86948
48904 87226
48829 87268
48648 87369
48460 87473
47617 87935
47491 88003
46516 88522
46333 88618
45825 88882
45390 89105
43352 90114
43001 90282
42794 90380
42382 90574
41363 91044
40249 91542
39847 91718
39502 91867
39059 92056
38463 92307
37756 92598
37196 92824
37054 92881
36879 92951
35971 93306
35714 93405
34999 93675
34426 93887
33823 94106
33564 94199
33335 94280
32485 94576
31981 94748
30946 95091
30293 95301
30148 95347
29842 95443
29768 95466
28944 95719
28156 95954
27916 96024
26447 96439
26250 96493
25845 96602
25492 96696
24978 96830
24815 96872
23707 97149
22390 97461
21735 97609
21241 97718
20395 97898
19022 98174
17304 98491
16289 98664
16132 98690
15742 98753
14783 98901
13634 99066
13190 99126
12344 99235
12238 99248
11205 99370
11117 99380
10558 99441
10085 99490
9454 99552
8165 99666
8079 99673
7647 99707
7567 99713
6848 99765
5134 99868
4070 99917
2630 99965
2307 99973
2185 99976
1998 99980
875 99996
610 99998
384 99999
-395 99999
-1725 99985
-2141 99977
-2529 99968
-2678 99964
-3189 99949
-4043 99918
-4490 99899
-5684 99838
-6554 99785
-6995 99755
-7095 99748
-7327 99731
-7713 99702
-8604 99629
-8808 99611
-9133 99582
-9381 99559
-9651 99533
-10067 99492
-10865 99408
-11165 99374
-11611 99323
-12167 99257
-12630 99199
-12986 99153
-13445 99092
-13685 99059
-14540 98937
-14971 98873
-16169 98684
-16526 98625
-17339 98485
-17849 98394
-18661 98243
-18873 98203
-19914 97997
-20362 97905
-22335 97474
-22508 97434
-22607 97411
-23530 97192
-23985 97081
-24182 97032
-24294 97004
-24999 96825
-25716 96637
-26258 96491
-26547 96412
-26954 96299
-27252 96215
-27516 96140
-27757 96070
-28297 95913
-28399 95883
-28543 95840
-29706 95486
-31591 94879
-32323 94632
-32355 94621
-34383 93903
-36031 93283
-36589 93066
-36925 92933
-38965 92096
-39663 91798
-39700 91782
-40250 91542
-40375 91487
-40718 91335
-41095 91166
-41408 91024
-41671 90904
-42478 90530
-42895 90333
-43017 90275
-43620 89985
-43744 89925
-44264 89670
-44484 89561
-45259 89172
-46260 88657
-46728 88411
-47740 87869
-48002 87726
-48073 87687
-48289 87568
-48499 87452
-49058 87140
-49270 87020
-49344 86978
-49655 86801
-49932 86642
-50167 86506
-50859 86101
-51186 85907
-51840 85514
-53450 84517
-53770 84314
-54771 83667
-56206 82710
-57307 81951
-57935 81508
-58363 81202
-59249 80558
-60034 79975
-60546 79588
-60817 79381
-61158 79119
-61460 78884
-61619 78760
-61966 78487
-62407 78137
-62796 77825
-62948 77702
-63217 77483
-64010 76829
-64376 76523
-64878 76098
-65421 75632
-65871 75240
-66601 74595
-66923 74306
-67288 73976
-67628 73665
-68048 73277
-68373 72974
-68453 72899
-69983 71431
-70084 71332
-70202 71216
-70596 70826
-70810 70612
-71056 70364
-71255 70163
-71448 69966
-71767 69639
-71951 69449
-72841 68515
-73435 67878
-73621 67676
-73905 67366
-74455 66757
-75380 65711
-76361 64568
-76672 64199
-76755 64100
-77694 62958
-78044 62524
-78235 62285
-78729 61659
-78957 61367
-79550 60596
-80166 59779
-80616 59171
-80904 58776
-81212 58350
-81383 58111
-81661 57720
-81980 57266
-82322 56773
-82546 56447
-82707 56210
-82874 55964
-83052 55700
-83951 54335
-84411 53618
-84482 53506
-84766 53054
-85060 52582
-85318 52163
-85601 51697
-85659 51601
-86412 50329
-86827 49610
-86916 49454
-87249 48864
-87595 48241
-88013 47475
-88199 47128
-89270 45066
-89434 44740
-89629 44348
-90558 42419
-90745 42017
-90886 41711
-91104 41233
-91197 41026
-91315 40763
-91443 40476
-91482 40388
-91679 39939
-91724 39835
-92722 37454
-92877 37068
-93441 35622
-93681 34985
-93727 34862
-94425 32925
-94641 32299
-94694 32143
-94838 31716
-95524 29586
-95593 29362
-95752 28839
-95855 28495
-96307 26927
-96395 26611
-96416 26535
-96434 26469
-96535 26098
-96967 24445
-97118 23838
-97284 23149
-97361 22823
-97522 22128
-97612 21726
-97846 20647
-97902 20381
-98002 19894
-98053 19641
-98188 18955
-98280 18472
-98819 15328
-98907 14750
-99038 13844
-99092 13451
-99153 12993
-99216 12503
-99256 12183
-99337 11503
-99511 9886
-99523 9764
-99543 9558
-99570 9273
-99667 8164
-99680 8005
-99696 7801
-99736 7273
-99746 7134
-99767 6833
-99827 5895
-99868 5155
-99870 5116
-99877 4975
-99893 4645
-99905 4377
-99915 4139
-99927 3841
-99989 1546
-99993 1258
-99994 1158
-100000 431
