900 500
-100000 -378
-99990 -1474
-99987 -1657
-99971 -2447
-99968 -2567
-99909 -4273
-99870 -5111
-99857 -5362
-99843 -5619
-99673 -8089
-99644 -8442
-99605 -8890
-99545 -9536
-99412 -10838
-99377 -11153
-99148 -13034
-99130 -13170
-99079 -13548
-99002 -14098
-98810 -15388
-98338 -18160
-98252 -18620
-98238 -18694
-98019 -19810
-97810 -20818
-97714 -21265
-97581 -21865
-97560 -21958
-97457 -22413
-97359 -22833
-97013 -24263
-97000 -24315
-96946 -24529
-96927 -24604
-96769 -25219
-96532 -26110
-96237 -27178
-96139 -27523
-95286 -30344
-95191 -30641
-95008 -31204
-94922 -31464
-94619 -32364
-94269 -33370
-94086 -33882
-93913 -34359
-93826 -34595
-93439 -35628
-93211 -36221
-93070 -36581
-92900 -37011
-92500 -37999
-92331 -38407
-92251 -38599
-91949 -39313
-91860 -39521
-91714 -39859
-91529 -40282
-91463 -40432
-91384 -40610
-91149 -41135
-90797 -41906
-90779 -41945
-90686 -42146
-90644 -42236
-90524 -42492
-90363 -42833
-90104 -43376
-89928 -43740
-88476 -46607
-87748 -47964
-87538 -48346
-87341 -48701
-87055 -49210
-86734 -49774
-86407 -50339
-85957 -51104
-85825 -51325
-85690 -51550
-85548 -51786
-85297 -52198
-85237 -52296
-85115 -52494
-84963 -52740
-84774 -53043
-84500 -53479
-84200 -53950
-83929 -54370
-83630 -54829
-82790 -56089
-82516 -56492
-82394 -56670
-82208 -56939
-82056 -57158
-80437 -59415
-80357 -59523
-79614 -60513
-79024 -61281
-78915 -61421
-78760 -61620
-78623 -61795
-78217 -62308
-77588 -63090
-76887 -63942
-76231 -64723
-75537 -65531
-74940 -66213
-73935 -67334
-73702 -67589
-73553 -67751
-73239 -68090
-72947 -68403
-72170 -69222
-72050 -69347
-70902 -70520
-70731 -70692
-70071 -71346
-69426 -71974
-69309 -72087
-68616 -72746
-67607 -73685
-67170 -74084
-66587 -74608
-66411 -74765
-66341 -74827
-65697 -75393
-65308 -75730
-64836 -76135
-64471 -76444
-64356 -76541
-63173 -77520
-62679 -77920
-62535 -78036
-62278 -78241
-61528 -78832
-61252 -79047
-60997 -79244
-60609 -79541
-60351 -79737
-60119 -79912
-59563 -80327
-59261 -80550
-59086 -80679
-58810 -80880
-58372 -81197
-58224 -81303
-57485 -81827
-57373 -81906
-57264 -81982
-55640 -83093
-55388 -83261
-54998 -83519
-54625 -83763
-54556 -83808
-54000 -84168
-53387 -84558
-52954 -84830
-51650 -85630
-51151 -85929
-50857 -86103
-50604 -86252
-50514 -86305
-50053 -86573
-49603 -86832
-48990 -87179
-48528 -87437
-47561 -87967
-46915 -88313
-46711 -88421
-46434 -88567
-45375 -89114
-44665 -89472
-43811 -89893
-43620 -89986
-43349 -90117
-41960 -90772
-41333 -91059
-40653 -91365
-39277 -91965
-38569 -92264
-37792 -92585
-36450 -93121
-35664 -93425
-33952 -94061
-33827 -94106
-32137 -94696
-31687 -94848
-31093 -95044
-30683 -95177
-30372 -95277
-30167 -95342
-29622 -95513
-29233 -95633
-29052 -95688
-28048 -95987
-26778 -96349
-26474 -96433
-26272 -96488
-25905 -96587
-25655 -96654
-25420 -96716
-24218 -97024
-24098 -97054
-23847 -97116
-23232 -97265
-22141 -97519
-21831 -97589
-21273 -97712
-18376 -98298
-17699 -98422
-17447 -98467
-17357 -98483
-17261 -98500
-16692 -98598
-16490 -98632
-15662 -98767
-14481 -98947
-14114 -99000
-13765 -99049
-13548 -99079
-13229 -99122
-12764 -99183
-11920 -99288
-11417 -99347
-10846 -99411
-8818 -99611
-8454 -99643
-8286 -99657
-7918 -99687
-6980 -99757
-6286 -99803
-6029 -99819
-4958 -99878
-3285 -99947
-2984 -99956
-2749 -99963
-1787 -99985
-586 -99999
417 -100000
958 -99996
2485 -99970
2770 -99962
3508 -99939
3887 -99925
4189 -99913
4443 -99902
5071 -99872
5381 -99856
6566 -99785
7302 -99734
8039 -99677
8614 -99629
8796 -99613
9023 -99593
9109 -99585
10557 -99442
11692 -99315
12207 -99253
12735 -99186
13031 -99148
13100 -99139
13957 -99022
14432 -98954
14830 -98895
15464 -98798
16125 -98692
16186 -98682
16415 -98644
16720 -98593
17408 -98474
17621 -98436
17952 -98376
18051 -98358
18365 -98300
18530 -98269
18715 -98234
18918 -98195
21222 -97723
21560 -97649
22092 -97530
24305 -97002
25225 -96767
26140 -96524
26759 -96354
28400 -95883
28759 -95776
29665 -95499
30113 -95359
30217 -95326
32013 -94738
32216 -94669
33033 -94387
33191 -94332
34053 -94024
34577 -93832
35191 -93604
35818 -93366
36255 -93197
36363 -93155
37145 -92846
37744 -92604
37925 -92530
38236 -92402
39008 -92079
39657 -91801
40220 -91556
40379 -91486
41058 -91183
41874 -90811
42632 -90458
42934 -90315
43273 -90153
43479 -90054
44062 -89770
45132 -89237
45910 -88839
46316 -88628
46412 -88578
47722 -87879
49832 -86700
50213 -86480
50576 -86268
50863 -86099
51312 -85832
52603 -85047
52882 -84874
53114 -84729
53395 -84552
53526 -84469
53698 -84360
54525 -83828
54668 -83735
54982 -83529
55444 -83223
58079 -81406
58433 -81152
58787 -80896
59430 -80425
60371 -79721
61305 -79005
62272 -78245
62384 -78156
62614 -77972
63214 -77486
63275 -77436
63812 -76994
64213 -76660
65013 -75983
65194 -75828
66090 -75048
66729 -74480
68884 -72492
69166 -72223
69670 -71737
70277 -71142
72713 -68650
72941 -68408
73699 -67591
73869 -67405
75386 -65704
75631 -65422
76052 -64932
76498 -64406
77538 -63150
77802 -62824
78585 -61842
78596 -61828
78938 -61391
79046 -61252
79978 -60030
80418 -59439
80626 -59156
80662 -59107
82088 -57110
83347 -55257
83482 -55052
83586 -54894
83710 -54705
83998 -54262
84232 -53898
84326 -53751
84542 -53411
84747 -53085
85244 -52283
85748 -51452
85925 -51156
86222 -50654
86358 -50422
87005 -49297
87073 -49177
87218 -48919
87742 -47973
88509 -46542
88637 -46298
89084 -45432
89990 -43610
90141 -43297
90444 -42661
90946 -41580
91073 -41300
91226 -40961
91247 -40914
91869 -39498
91983 -39232
92047 -39081
92496 -38007
92702 -37501
92840 -37159
92909 -36986
93227 -36176
93730 -34853
93813 -34628
93903 -34383
93968 -34205
94310 -33251
94814 -31786
94923 -31458
95046 -31085
95080 -30981
95149 -30768
95651 -29170
95802 -28671
96079 -27728
96294 -26972
96310 -26915
96435 -26463
96999 -24313
97210 -23457
97372 -22775
97493 -22251
97511 -22172
97853 -20610
98081 -19497
98137 -19211
98298 -18371
98445 -17567
98565 -16880
98586 -16757
98632 -16482
98796 -15470
98819 -15322
98896 -14816
99116 -13263
99190 -12701
99274 -12026
99287 -11917
99309 -11731
99322 -11620
99342 -11448
99412 -10829
99511 -9876
99673 -8079
99739 -7215
99750 -7067
99810 -6158
99845 -5560
99891 -4663
99899 -4484
99932 -3678
99969 -2488
99984 -1775
99994 -1027
99996 -832
99999 -377
99997 745
99982 1885
99973 2322
99960 2823
99866 5173
99816 6056
99768 6806
99716 7530
99652 8332
99596 8976
99391 11018
99350 11382
99281 11969
99123 13214
98974 14287
98861 15049
98698 16084
98439 17598
98392 17860
98372 17970
98279 18471
97826 20736
97559 21959
97171 23617
97141 23740
97085 23967
96882 24776
96625 25760
96572 25957
96395 26607
96372 26690
96125 27567
96110 27619
95983 28057
95617 29280
95477 29734
95279 30361
95133 30816
94413 32955
94177 33625
94122 33779
94017 34069
93866 34484
93706 34916
93650 35066
93556 35316
93133 36417
92946 36892
92777 37314
92567 37832
92489 38023
92208 38699
92129 38887
91920 39378
91862 39513
91774 39717
91266 40871
91223 40967
90636 42250
90308 42947
90160 43256
89628 44348
89222 45159
88904 45782
88654 46265
88280 46974
88001 47495
87814 47839
87718 48015
87214 48925
87027 49257
86320 50485
85763 51426
85524 51823
85388 52046
85198 52357
84875 52879
84672 53203
84273 53833
83933 54361
83869 54460
83665 54773
83370 55221
82826 56034
81923 57346
80684 59076
80540 59272
80453 59390
80315 59577
79901 60131
79234 61007
78911 61425
78655 61752
78207 62319
78118 62430
77876 62731
77422 63291
77330 63403
77242 63510
76943 63872
76632 64245
76431 64484
76356 64573
75956 65043
75598 65459
74819 66348
73995 67266
73035 68307
72726 68636
72129 69263
72105 69288
71702 69705
71501 69911
71355 70060
70936 70484
68664 72699
68315 73027
68284 73056
68239 73098
67765 73538
67198 74056
67059 74182
66917 74310
66322 74842
64718 76233
64560 76367
63283 77428
63175 77516
62698 77903
62092 78387
61879 78555
60764 79421
60532 79598
60440 79668
59562 80326
59401 80445
59237 80566
58627 81011
58027 81442
56987 82173
56536 82484
55579 83132
55073 83468
53933 84209
50404 86368
49758 86741
49074 87130
49058 87139
47214 88152
46906 88316
45887 88850
45207 89198
44684 89461
44336 89634
43543 90022
43392 90095
42872 90343
41822 90834
41065 91179
40714 91336
38891 92127
38616 92243
38217 92409
37844 92562
37717 92614
36926 92932
36704 93020
36332 93166
33990 94046
33656 94166
32214 94669
30587 95207
30309 95296
28786 95767
27653 96100
26906 96312
26491 96427
26158 96518
24873 96857
24484 96956
24273 97009
23468 97207
22636 97404
22477 97441
22294 97483
21373 97689
20785 97816
20528 97870
18306 98310
17968 98372
17305 98491
16422 98642
15432 98802
14975 98872
14370 98962
13139 99133
12794 99178
11985 99279
11765 99305
11714 99311
11302 99359
10979 99395
10692 99426
9238 99572
8441 99643
7825 99693
7357 99729
6522 99787
6159 99810
5565 99845
5250 99862
4356 99905
3161 99950
3064 99953
2522 99968
1087 99994
893 99996
-629 99998
-1603 99987
-4491 99899
-5491 99849
-5672 99839
-6377 99796
-7136 99745
-7477 99720
-7595 99711
-7752 99699
-8310 99654
-8626 99627
-8955 99598
-9220 99574
-9413 99556
-10330 99465
-11286 99361
-11608 99324
-12598 99203
-12771 99181
-13517 99082
-14119 98998
-15103 98853
-15842 98737
-16586 98615
-16903 98561
-19228 98134
-20342 97909
-20648 97845
-21443 97674
-21551 97650
-21708 97615
-21913 97569
-22113 97524
-23510 97197
-23572 97182
-23936 97093
-24191 97030
-24339 96993
-24948 96838
-25553 96680
-25689 96644
-25962 96571
-26118 96529
-27188 96233
-27634 96106
-28089 95974
-28164 95952
-28543 95840
-28610 95820
-28880 95739
-29885 95430
-30370 95277
-31070 95051
-31482 94915
-34348 93916
-34595 93825
-34917 93706
-35591 93452
-35954 93313
-36300 93179
-36512 93096
-37693 92624
-37997 92500
-38495 92294
-38757 92184
-42178 90670
-43849 89874
-44341 89632
-44659 89474
-46917 88311
-47368 88070
-49070 87133
-49323 86990
-49799 86718
-50040 86579
-50521 86300
-51080 85970
-51357 85805
-51469 85738
-51721 85586
-51955 85444
-52426 85156
-53312 84604
-54398 83910
-54687 83722
-55159 83412
-55842 82956
-56333 82623
-56480 82523
-56943 82204
-57589 81753
-57606 81741
-57872 81553
-58376 81193
-58591 81038
-60635 79520
-60745 79436
-60937 79289
-61258 79041
-61518 78839
-64842 76129
-65453 75604
-65640 75442
-66305 74858
-66877 74347
-67292 73972
-67485 73796
-67694 73604
-68491 72863
-68508 72847
-68766 72604
-69656 71750
-69922 71491
-70135 71282
-70190 71228
-70250 71169
-70989 70432
-71180 70239
-71894 69508
-72072 69323
-72344 69039
-74039 67218
-74223 67015
-74459 66753
-74546 66656
-74844 66321
-75652 65398
-76807 64037
-76871 63960
-77174 63594
-78118 62431
-78208 62318
-79107 61173
-80176 59765
-81108 58494
-81239 58312
-81473 57985
-82167 56997
-82925 55889
-83455 55094
-83770 54614
-83871 54459
-84613 53298
-85480 51896
-85605 51690
-85925 51156
-86032 50976
-86548 50095
-87476 48457
-87554 48316
-88851 45887
-89806 43989
-90123 43335
-90148 43283
-90269 43030
-90522 42495
-90552 42431
-90876 41733
-91198 41025
-91216 40985
-91286 40829
-91655 39994
-91768 39733
-92150 38839
-92366 38323
-92619 37707
-93096 36514
-93252 36114
-93376 35792
-94385 33040
-94526 32634
-95195 30627
-95420 29919
-95536 29547
-95670 29110
-95830 28579
-96008 27974
-96051 27826
-96421 26517
-96824 25006
-96909 24674
-97107 23883
-97266 23226
-97352 22861
-97390 22699
-97651 21551
-97951 20142
-97963 20084
-98219 18793
-98558 16926
-98746 15793
-98996 14141
-99028 13915
-99083 13515
-99149 13023
-99224 12441
-99243 12287
-99340 11478
-99463 10356
-99509 9905
-99764 6876
-99803 6283
-99830 5844
-99839 5689
-99855 5399
-99889 4726
-99895 4599
-99901 4470
-99902 4447
-99915 4140
-99923 3946
-99938 3547
-99978 2142
-99980 2039
-99986 1693
-99988 1572
-99993 1256
-100000 374
