900 400
-100000 -337
-99999 -575
-99997 -875
-99996 -991
-99995 -1080
-99991 -1400
-99990 -1469
-99967 -2600
-99965 -2675
-99944 -3367
-99896 -4576
-99873 -5052
-99802 -6305
-99690 -7879
-99654 -8319
-99576 -9210
-99507 -9927
-99430 -10671
-99404 -10909
-99317 -11676
-99105 -13357
-99076 -13570
-99024 -13945
-98794 -15490
-98759 -15712
-98674 -16237
-98543 -17014
-98501 -17256
-98394 -17856
-98310 -18312
-98305 -18339
-98167 -19064
-98033 -19742
-97759 -21055
-97565 -21938
-97418 -22581
-97118 -23839
-96870 -24826
-96788 -25145
-96760 -25252
-96452 -26405
-96016 -27948
-95871 -28442
-95513 -29622
-95418 -29926
-95071 -31012
-95040 -31107
-94950 -31380
-94852 -31675
-94559 -32539
-94324 -33214
-94132 -33754
-94097 -33852
-93981 -34173
-93881 -34446
-93512 -35436
-92727 -37442
-92321 -38432
-92155 -38828
-91988 -39222
-91805 -39649
-91504 -40338
-90923 -41632
-90430 -42692
-90413 -42728
-90048 -43492
-89038 -45524
-88928 -45739
-88378 -46793
-88169 -47185
-88124 -47269
-87756 -47949
-87070 -49183
-86801 -49656
-86656 -49909
-86381 -50384
-86080 -50896
-85795 -51375
-85028 -52635
-84916 -52815
-84660 -53225
-84578 -53355
-84448 -53560
-84052 -54180
-83700 -54722
-83640 -54814
-82951 -55851
-82838 -56019
-81353 -58154
-81320 -58200
-81236 -58317
-80438 -59413
-79146 -61124
-78870 -61480
-78640 -61774
-78232 -62289
-77983 -62601
-77642 -63023
-77126 -63654
-75555 -65511
-74415 -66803
-73870 -67405
-73679 -67614
-73668 -67626
-73355 -67965
-73063 -68279
-72787 -68573
-72431 -68949
-72005 -69394
-70662 -70761
-69987 -71428
-69339 -72058
-68559 -72800
-68192 -73144
-67182 -74073
-66853 -74370
-66575 -74619
-65701 -75390
-64905 -76076
-64027 -76816
-63944 -76885
-61944 -78506
-60706 -79467
-60504 -79621
-59679 -80241
-59593 -80305
-58990 -80749
-58716 -80948
-58603 -81030
-58399 -81177
-57633 -81723
-57167 -82049
-56862 -82261
-56771 -82324
-55392 -83258
-55006 -83514
-54520 -83832
-54316 -83964
-54015 -84158
-53556 -84451
-53477 -84501
-53069 -84758
-52625 -85034
-51243 -85874
-50664 -86217
-50324 -86416
-50179 -86500
-49876 -86675
-49122 -87105
-48404 -87506
-46703 -88425
-46035 -88775
-45927 -88831
-45633 -88982
-45426 -89088
-45314 -89145
-44685 -89462
-44370 -89619
-44222 -89692
-43896 -89852
-42481 -90529
-42181 -90669
-41259 -91093
-41108 -91161
-40917 -91247
-40440 -91459
-39992 -91656
-39626 -91815
-38916 -92118
-38574 -92262
-38430 -92322
-37813 -92576
-37629 -92651
-37179 -92833
-36667 -93036
-35668 -93424
-35269 -93575
-32980 -94406
-32894 -94436
-32594 -94540
-31602 -94876
-31401 -94943
-31264 -94988
-30856 -95121
-29236 -95632
-29068 -95683
-27589 -96120
-27348 -96189
-26825 -96336
-26662 -96381
-26107 -96533
-25259 -96758
-24793 -96879
-24358 -96989
-23473 -97207
-22317 -97479
-21469 -97669
-21052 -97760
-19756 -98030
-18637 -98249
-18425 -98289
-18280 -98316
-17866 -98392
-17673 -98427
-17488 -98460
-17037 -98539
-16892 -98564
-15427 -98804
-13800 -99044
-13252 -99119
-12289 -99243
-12019 -99276
-10388 -99460
-9734 -99526
-9390 -99559
-8287 -99657
-6120 -99813
-5824 -99831
-4689 -99891
-4557 -99897
-3944 -99923
-3740 -99931
-2602 -99967
-325 -100000
2318 -99974
2708 -99964
4121 -99916
4213 -99912
4463 -99901
7035 -99753
7339 -99731
7542 -99716
7710 -99703
8380 -99649
8592 -99631
8822 -99611
9165 -99580
9231 -99574
10500 -99448
10881 -99407
14091 -99003
14527 -98940
15742 -98754
16989 -98547
17430 -98470
17799 -98404
18052 -98358
18123 -98345
19997 -97981
20177 -97944
20404 -97897
21277 -97711
21861 -97582
22233 -97498
22936 -97335
23406 -97223
23883 -97107
24401 -96978
24772 -96884
25668 -96650
26345 -96468
26755 -96355
27009 -96284
27343 -96190
28097 -95972
28247 -95928
28521 -95847
29884 -95431
30015 -95390
30160 -95344
30615 -95199
30739 -95159
31026 -95066
31560 -94890
31755 -94825
33191 -94332
33501 -94222
34538 -93847
34849 -93732
35007 -93673
35953 -93314
36046 -93278
36730 -93011
37012 -92899
37435 -92729
37749 -92602
37988 -92504
38205 -92415
38627 -92239
38808 -92163
39022 -92073
39543 -91850
42141 -90688
42564 -90490
43570 -90010
44991 -89308
45499 -89050
46040 -88772
46524 -88519
48279 -87574
48830 -87268
49071 -87133
49218 -87050
49847 -86691
49934 -86641
51123 -85945
51768 -85558
52516 -85101
52718 -84976
53659 -84385
54746 -83684
54860 -83609
55445 -83222
55800 -82985
56344 -82616
56725 -82355
58104 -81388
58800 -80886
59281 -80535
59389 -80455
59700 -80224
60058 -79957
60159 -79881
61132 -79139
61319 -78994
61767 -78644
62026 -78440
62376 -78162
62885 -77753
62997 -77662
63461 -77284
64053 -76794
64143 -76719
64651 -76291
65141 -75873
65212 -75812
66786 -74429
70000 -71415
70053 -71363
70256 -71163
70325 -71095
70682 -70740
70924 -70497
71536 -69876
71834 -69570
72067 -69328
72190 -69200
72260 -69127
73013 -68331
73255 -68072
73367 -67951
73582 -67718
73627 -67669
73902 -67369
74168 -67076
74466 -66745
75294 -65809
75972 -65025
76088 -64889
76450 -64463
76525 -64374
76799 -64047
77051 -63743
77538 -63150
77836 -62782
79280 -60949
80017 -59978
81092 -58516
81503 -57942
81918 -57354
82529 -56471
82843 -56010
84017 -54233
84028 -54216
84279 -53825
84673 -53203
85618 -51668
85997 -51035
86325 -50478
86992 -49320
87375 -48638
87641 -48157
88794 -45996
88933 -45727
88958 -45678
89306 -44994
89722 -44158
90364 -42830
90601 -42325
90766 -41971
90922 -41632
91235 -40941
91467 -40420
91583 -40157
91720 -39843
91756 -39760
91841 -39563
91894 -39440
91975 -39250
92283 -38521
92535 -37912
92854 -37123
93252 -36111
93341 -35881
93597 -35208
93721 -34876
93818 -34615
94052 -33974
94071 -33921
94384 -33040
95032 -31127
95117 -30865
95159 -30735
95196 -30620
95249 -30455
95326 -30215
95654 -29160
95914 -28293
96091 -27686
96436 -26459
96478 -26305
96946 -24525
97021 -24224
97231 -23369
97305 -23059
97404 -22636
97679 -21419
98025 -19775
98185 -18965
98254 -18604
98286 -18434
98359 -18042
98498 -17266
98569 -16857
98601 -16668
98656 -16339
98722 -15937
98821 -15309
98968 -14330
99008 -14050
99034 -13865
99154 -12979
99212 -12528
99383 -11089
99453 -10444
99562 -9350
99597 -8969
99607 -8856
99739 -7218
99758 -6949
99774 -6715
99813 -6110
99860 -5282
99880 -4891
99936 -3575
99970 -2443
99990 -1396
99993 -1164
99997 -692
99999 221
99998 602
99989 1482
99988 1546
99974 2273
99964 2680
99924 3897
99903 4402
99892 4644
99871 5071
99862 5248
99820 5995
99781 6613
99661 8226
99644 8429
99557 9401
99535 9630
99226 12417
99187 12723
99177 12800
99102 13370
98963 14363
98862 15043
98826 15277
98750 15760
98585 16761
98538 17034
98148 19156
97936 20211
97890 20433
97843 20655
97565 21932
97271 23200
97091 23944
96710 25438
96047 27837
95767 28786
95596 29348
95431 29881
95295 30312
95080 30980
94919 31470
94866 31629
94764 31933
94524 32637
94231 33473
93888 34424
93797 34671
93738 34830
93647 35074
93196 36256
93062 36598
92326 38417
92215 38682
91879 39474
91221 40971
90995 41471
90871 41742
90767 41967
90640 42241
90545 42445
90087 43408
89954 43683
89684 44234
89481 44644
88478 46600
87973 47546
87367 48651
86876 49523
86304 50513
85946 51120
85735 51473
85466 51918
85109 52501
84934 52784
84380 53665
84130 54056
83826 54526
83746 54649
83633 54822
82830 56028
81624 57771
80668 59098
80150 59799
79978 60029
79680 60424
79555 60588
78959 61363
78268 62242
78173 62361
77741 62899
77231 63524
77107 63675
76388 64535
76140 64828
75917 65089
75511 65559
75208 65907
74663 66523
74368 66853
74252 66982
73899 67371
72646 68720
72467 68909
72268 69118
71242 70175
70567 70853
70341 71078
69911 71501
68783 72587
68360 72985
68207 73128
68117 73212
67999 73322
67158 74093
66874 74349
65083 75922
64695 76253
64585 76346
64054 76792
63225 77476
62792 77827
62085 78392
61172 79107
59784 80161
58997 80742
58574 81049
56757 82332
56517 82497
55844 82954
55655 83081
55526 83167
54548 83812
54359 83935
54081 84114
53986 84175
53816 84284
52711 84979
52423 85157
52161 85318
51893 85481
50482 86322
50357 86395
47904 87779
47346 88081
46757 88395
45439 89080
44782 89412
44546 89530
43441 90071
43316 90131
42919 90321
42725 90413
42651 90448
41955 90773
41478 90992
41350 91050
39198 91997
39019 92073
38178 92425
37382 92750
37159 92839
36732 93009
35933 93321
35721 93402
35313 93557
34792 93752
33204 94326
32856 94448
32778 94475
32430 94595
31653 94858
29666 95498
28835 95752
27396 96174
26823 96335
26484 96429
25898 96588
25458 96705
25063 96808
24154 97039
22559 97422
21993 97551
21807 97593
20826 97807
20389 97899
19918 97996
19844 98011
18519 98270
18326 98306
17881 98388
17590 98440
17237 98503
16745 98588
15897 98728
15314 98820
15036 98863
14964 98874
14457 98949
14104 99000
13620 99068
12855 99170
12469 99219
11598 99325
11373 99351
11170 99374
11063 99386
10055 99493
9935 99505
9794 99519
9548 99543
9077 99587
8754 99616
7394 99726
5283 99860
4417 99902
3969 99921
3095 99952
2712 99963
2182 99976
1330 99991
756 99997
-1082 99994
-2405 99971
-2931 99957
-3162 99950
-3313 99945
-3714 99931
-3946 99922
-5036 99873
-5252 99862
-5760 99834
-6271 99803
-7726 99701
-7841 99692
-9155 99580
-9434 99554
-9967 99502
-12749 99184
-13265 99116
-14624 98925
-16163 98685
-16663 98602
-16956 98552
-17117 98524
-17432 98469
-17488 98459
-17783 98406
-18552 98264
-19186 98142
-19771 98026
-20700 97834
-21300 97705
-21777 97600
-21822 97590
-22778 97371
-24134 97044
-26152 96520
-26401 96452
-28051 95985
-28173 95949
-28710 95790
-28940 95721
-30385 95272
-30706 95169
-31993 94744
-32472 94581
-32673 94512
-33514 94217
-34269 93945
-34378 93905
-34593 93826
-34799 93750
-35006 93673
-35944 93317
-37139 92848
-38055 92476
-38612 92245
-38691 92212
-38935 92109
-39246 91977
-39647 91805
-39705 91780
-40819 91290
-42529 90506
-42667 90441
-42903 90329
-43084 90243
-43529 90029
-44057 89772
-44793 89407
-44964 89321
-45590 89003
-45738 88927
-45981 88802
-46177 88700
-47393 88056
-49554 86859
-50599 86254
-50696 86197
-51151 85928
-52809 84919
-54302 83972
-54353 83939
-55319 83306
-55463 83210
-56090 82789
-56470 82530
-56581 82454
-57599 81746
-57979 81477
-58357 81206
-59843 80118
-60199 79851
-61075 79183
-62051 78420
-62366 78170
-62991 77667
-63285 77428
-63766 77032
-63894 76926
-65227 75799
-66068 75067
-67084 74161
-67393 73880
-67976 73344
-68501 72854
-68589 72771
-68990 72391
-69204 72186
-69351 72045
-69641 71765
-70306 71114
-71084 70336
-71498 69915
-71791 69614
-72293 69093
-72377 69005
-73437 67875
-74333 66893
-74730 66449
-74833 66333
-75859 65157
-76325 64611
-76578 64311
-76772 64079
-77573 63107
-77755 62883
-78000 62579
-79318 60899
-79737 60350
-79798 60269
-80481 59354
-80642 59135
-80862 58834
-81000 58644
-81244 58305
-82219 56922
-82368 56706
-82493 56524
-83569 54921
-83996 54266
-84124 54067
-84881 52871
-85564 51758
-85918 51168
-86169 50745
-87357 48671
-88165 47192
-88285 46967
-88418 46716
-88792 46000
-89134 45335
-89345 44917
-89425 44758
-90127 43327
-91214 40989
-91323 40746
-91864 39511
-92053 39069
-92123 38904
-92311 38455
-92334 38400
-92895 37022
-93059 36608
-93142 36397
-93487 35501
-93543 35353
-93811 34636
-94121 33784
-94149 33706
-94174 33636
-94373 33074
-94521 32648
-94810 31800
-95015 31182
-95052 31069
-95250 30456
-95264 30412
-95459 29794
-95520 29598
-95624 29261
-95870 28443
-96287 26998
-96937 24564
-97077 24004
-97146 23724
-97183 23571
-97352 22863
-97402 22650
-97440 22485
-97520 22136
-97635 21624
-97707 21295
-97806 20835
-98163 19083
-98228 18744
-98260 18577
-98418 17720
-98537 17048
-98779 15585
-98803 15431
-98871 14990
-98924 14636
-99139 13101
-99338 11496
-99393 11007
-99414 10814
-99577 9196
-99610 8833
-99697 7791
-99778 6674
-99849 5505
-99872 5076
-99905 4379
-99921 3995
-99947 3283
-99953 3094
-99963 2753
-99999 616
-100000 361
