900 800
-99998 -758
-99995 -1096
-99988 -1611
-99981 -1998
-99971 -2447
-99963 -2752
-99862 -5261
-99728 -7384
-99524 -9755
-99511 -9885
-99490 -10094
-99452 -10462
-99397 -10974
-99382 -11109
-99255 -12191
-99074 -13582
-98847 -15148
-98690 -16139
-98542 -17019
-98508 -17214
-98461 -17482
-98377 -17949
-98252 -18620
-97950 -20149
-97743 -21130
-97709 -21288
-97575 -21892
-97414 -22599
-96976 -24410
-96700 -25481
-96589 -25899
-96330 -26847
-96278 -27032
-96072 -27755
-96038 -27872
-95952 -28167
-95924 -28262
-95617 -29285
-95348 -30147
-95099 -30925
-94859 -31654
-94756 -31961
-94406 -32981
-94279 -33342
-93904 -34383
-93411 -35701
-93345 -35873
-92990 -36784
-92848 -37141
-92750 -37385
-92378 -38294
-91738 -39804
-91185 -41055
-90909 -41663
-90614 -42299
-89882 -43834
-89766 -44071
-89600 -44408
-89368 -44873
-88870 -45851
-88333 -46878
-87954 -47585
-87523 -48373
-87164 -49016
-86910 -49465
-86258 -50594
-85994 -51042
-84757 -53070
-84634 -53266
-84083 -54132
-83808 -54556
-83690 -54737
-83148 -55557
-82812 -56057
-82719 -56194
-82472 -56556
-82461 -56572
-82244 -56887
-81587 -57825
-81425 -58053
-80989 -58660
-80654 -59120
-80573 -59230
-80277 -59631
-79177 -61084
-79073 -61218
-78556 -61880
-78201 -62328
-77206 -63557
-77068 -63724
-76828 -64013
-76455 -64458
-76373 -64555
-76019 -64972
-75708 -65334
-75652 -65399
-75099 -66033
-73645 -67650
-73057 -68285
-72650 -68718
-72499 -68877
-71946 -69455
-71375 -70041
-70777 -70646
-70184 -71235
-69824 -71588
-69561 -71843
-68404 -72946
-68205 -73132
-67336 -73933
-67154 -74098
-66370 -74801
-65396 -75654
-64401 -76503
-63941 -76888
-63819 -76989
-63709 -77080
-63596 -77173
-62402 -78142
-61045 -79207
-60803 -79393
-60215 -79839
-59548 -80338
-59390 -80455
-56942 -82206
-56175 -82732
-55754 -83016
-55514 -83177
-55042 -83490
-54901 -83583
-54052 -84134
-53664 -84382
-53366 -84571
-52693 -84992
-52206 -85292
-51610 -85654
-51374 -85796
-51196 -85902
-50250 -86459
-49793 -86723
-49004 -87171
-48849 -87258
-48193 -87622
-47245 -88137
-46542 -88510
-46200 -88689
-45715 -88940
-45598 -89000
-45298 -89153
-45166 -89220
-44171 -89717
-42859 -90351
-41954 -90775
-41610 -90933
-41397 -91030
-40932 -91240
-40865 -91270
-40648 -91367
-40004 -91651
-38063 -92474
-37440 -92728
-37000 -92904
-36688 -93028
-35998 -93297
-34930 -93702
-34120 -94000
-32536 -94560
-32217 -94669
-31892 -94779
-31063 -95054
-30921 -95100
-30290 -95303
-29751 -95473
-29074 -95681
-28863 -95745
-28445 -95870
-27776 -96066
-26511 -96423
-26011 -96559
-25306 -96746
-24290 -97006
-24262 -97013
-23935 -97094
-23248 -97261
-23070 -97303
-22722 -97385
-22654 -97401
-22124 -97523
-21195 -97729
-20812 -97811
-20337 -97911
-18291 -98314
-16133 -98691
-16102 -98696
-14698 -98915
-14453 -98951
-14204 -98987
-13936 -99025
-13553 -99078
-13450 -99092
-13115 -99137
-12903 -99165
-12513 -99215
-12085 -99268
-11625 -99323
-11179 -99374
-10745 -99422
-10282 -99471
-8545 -99635
-8056 -99676
-6980 -99757
-6700 -99776
-6306 -99802
-6060 -99817
-5812 -99832
-4977 -99877
-3922 -99924
-3286 -99947
-3161 -99951
-2953 -99957
-2526 -99969
-1886 -99983
-1467 -99990
-1320 -99992
-744 -99998
2127 -99978
2824 -99961
2963 -99957
3028 -99955
3301 -99946
3970 -99922
4263 -99910
4643 -99893
6144 -99812
7203 -99741
7397 -99727
7867 -99691
9274 -99570
10991 -99395
11934 -99286
12199 -99254
12631 -99200
12908 -99164
13008 -99151
13487 -99087
13814 -99042
14695 -98915
14870 -98889
16525 -98626
17207 -98509
18726 -98232
19130 -98154
19804 -98020
19991 -97982
20219 -97935
20727 -97829
20914 -97789
21142 -97740
22026 -97545
22316 -97479
22581 -97418
22807 -97365
23067 -97304
24708 -96900
25016 -96821
25435 -96712
25958 -96573
26748 -96357
27060 -96270
28528 -95845
28922 -95727
29163 -95654
30091 -95366
30145 -95349
30535 -95225
30718 -95166
31023 -95067
31898 -94777
32674 -94512
33024 -94390
33569 -94198
34265 -93947
34391 -93901
35089 -93642
35753 -93391
37217 -92817
37621 -92654
38062 -92474
39082 -92047
39416 -91905
39830 -91726
40701 -91343
41136 -91148
41333 -91059
41781 -90854
42201 -90660
44951 -89328
45293 -89155
45736 -88929
47510 -87994
48056 -87697
49322 -86991
50494 -86316
50622 -86241
50892 -86082
51371 -85797
51506 -85716
51667 -85619
52204 -85293
52339 -85210
52629 -85031
52758 -84951
52939 -84838
53594 -84426
54117 -84092
54477 -83859
55238 -83360
55580 -83132
55881 -82930
56896 -82237
57071 -82116
57584 -81757
57957 -81493
58261 -81276
58725 -80941
59134 -80643
61193 -79092
62379 -78160
62644 -77947
62803 -77819
62875 -77761
62973 -77682
63421 -77317
63751 -77045
64101 -76754
64324 -76567
65267 -75765
66039 -75093
66181 -74968
67098 -74148
67380 -73892
67534 -73751
67753 -73550
68073 -73254
68654 -72710
68892 -72484
69416 -71982
69442 -71957
69781 -71629
70030 -71385
71241 -70177
71989 -69409
73920 -67349
74033 -67225
74410 -66807
74527 -66677
75156 -65967
75959 -65040
76053 -64930
76380 -64546
76753 -64102
76912 -63911
77092 -63694
77609 -63063
78050 -62516
78205 -62322
78330 -62165
78698 -61698
79124 -61151
79822 -60237
80241 -59678
81015 -58623
81255 -58289
81360 -58142
81639 -57751
81853 -57447
82370 -56703
82621 -56336
82916 -55901
83152 -55550
83245 -55410
83754 -54638
83771 -54612
84388 -53654
84826 -52958
86014 -51006
86309 -50505
86870 -49534
87124 -49085
87943 -47603
88026 -47449
88228 -47073
88577 -46413
88730 -46120
88744 -46093
89341 -44925
90151 -43276
90642 -42238
90823 -41847
91557 -40216
92102 -38952
92738 -37412
92819 -37211
92875 -37070
93675 -35000
93737 -34834
93850 -34528
94209 -33536
94495 -32722
94625 -32344
94795 -31842
94996 -31237
95101 -30915
95265 -30407
95522 -29590
95782 -28737
95865 -28459
95955 -28153
96165 -27428
96318 -26886
96352 -26764
96422 -26510
96547 -26051
96764 -25233
97044 -24134
97180 -23581
97304 -23063
97629 -21646
97867 -20542
97934 -20220
98010 -19851
98038 -19712
98110 -19350
98536 -17049
98663 -16296
98671 -16247
98803 -15426
98874 -14964
99117 -13260
99123 -13215
99162 -12919
99292 -11877
99362 -11277
99517 -9816
99585 -9100
99673 -8074
99721 -7463
99765 -6848
99780 -6627
99825 -5914
99894 -4603
99954 -3026
99973 -2289
99987 -1595
99995 -987
99996 847
99990 1398
99970 2445
99942 3397
99933 3656
99930 3734
99903 4395
99859 5306
99835 5736
99783 6582
99759 6933
99727 7383
99718 7502
99627 8626
99505 9937
99456 10412
99415 10800
99390 11027
99244 12271
99159 12937
99113 13288
99049 13757
98934 14562
98901 14784
98868 15003
98589 16737
98549 16971
98433 17632
98361 18028
98028 19760
97625 21664
97477 22321
97369 22786
97246 23306
97140 23744
97082 23980
96878 24791
96855 24881
96810 25054
96740 25323
96595 25871
96392 26618
96305 26932
95921 28269
95859 28478
95479 29727
95351 30135
95281 30356
95204 30596
95087 30958
94862 31641
94544 32579
93608 35178
93531 35382
92874 37071
92734 37421
92622 37697
92559 37852
92360 38335
92288 38508
91654 39993
91235 40941
90817 41860
90129 43321
90009 43570
89856 43884
89596 44413
89337 44931
89214 45175
89031 45535
89006 45584
88754 46073
88452 46650
87462 48480
87268 48828
86646 49924
86261 50586
85965 51087
85893 51208
85562 51760
84447 53560
84312 53772
84134 54050
83896 54419
83484 55048
83312 55308
82602 56363
82523 56479
82297 56808
81944 57316
81735 57614
81477 57978
77733 62909
77155 63616
76538 64357
76299 64640
75891 65119
74505 66700
74394 66824
71798 69606
71767 69638
71656 69752
70755 70666
70582 70839
68912 72464
68369 72977
67805 73501
65710 75380
65603 75473
64869 76105
64556 76370
64478 76436
64115 76741
63770 77028
63457 77286
62683 77915
61972 78482
61586 78785
61138 79133
60420 79683
60289 79782
59550 80335
59292 80526
58623 81014
57892 81538
57004 82161
56514 82499
56387 82586
54574 83795
54027 84149
52829 84906
52485 85119
51966 85437
50982 86028
50666 86214
50309 86423
50249 86458
50035 86582
49959 86626
48590 87401
48187 87624
45108 89248
44279 89662
43991 89804
43800 89897
42965 90299
41883 90806
41355 91048
40873 91265
40609 91383
40064 91623
39280 91962
38785 92172
38154 92435
37391 92746
36839 92967
36378 93148
36059 93272
35966 93308
34668 93798
34022 94034
33787 94119
32572 94546
32183 94679
30584 95208
29929 95416
29136 95661
28706 95791
28411 95879
27996 96001
27748 96073
27640 96104
27077 96264
26165 96516
25823 96608
25669 96649
25248 96760
24802 96875
24468 96960
24186 97031
23125 97289
22982 97323
20462 97884
18111 98346
17328 98487
17111 98525
15833 98738
15538 98785
14670 98918
14445 98951
13728 99053
13481 99087
13444 99092
12559 99208
12353 99234
11372 99351
11302 99359
10664 99429
10212 99477
9506 99547
9262 99570
8428 99644
7879 99689
6865 99764
6315 99800
4287 99908
3861 99925
2821 99960
1456 99989
1258 99992
1089 99994
-1840 99983
-2366 99972
-3600 99935
-3993 99920
-4707 99889
-4811 99884
-5169 99866
-5412 99853
-5856 99828
-6845 99765
-7660 99706
-8694 99621
-9837 99515
-10500 99447
-10900 99404
-11009 99392
-11127 99379
-11538 99332
-11735 99309
-13237 99120
-14119 98998
-14481 98946
-14610 98927
-15004 98868
-15439 98801
-16207 98678
-17436 98468
-17843 98395
-18605 98254
-19136 98152
-19325 98115
-19719 98036
-20096 97960
-20804 97812
-21022 97765
-21212 97724
-22886 97346
-23591 97177
-23743 97140
-24267 97011
-25489 96697
-26828 96334
-27644 96103
-28090 95973
-29130 95663
-29496 95551
-30301 95299
-30774 95147
-31306 94973
-31527 94900
-31791 94812
-32056 94723
-32229 94664
-32548 94555
-33172 94338
-33395 94259
-33649 94169
-34114 94001
-34370 93908
-34750 93768
-35738 93396
-35917 93327
-36217 93211
-37926 92529
-38188 92421
-39235 91982
-39591 91829
-40513 91426
-41267 91088
-41419 91019
-41590 90941
-41908 90795
-42599 90473
-42819 90369
-42995 90285
-43309 90135
-43947 89826
-44407 89599
-44749 89429
-45058 89274
-46367 88601
-47028 88252
-47760 87858
-47984 87736
-48661 87362
-49920 86649
-50167 86506
-51805 85535
-52509 85105
-54656 83742
-55592 83124
-57064 82120
-58685 80970
-58696 80962
-59054 80701
-60176 79868
-60659 79502
-61852 78577
-62051 78420
-62461 78094
-63298 77417
-63724 77067
-65024 75973
-67101 74145
-67259 74002
-67928 73388
-68163 73170
-69213 72178
-70027 71388
-70341 71079
-70411 71010
-71279 70138
-71987 69411
-72348 69035
-72635 68733
-73195 68136
-73427 67886
-74092 67160
-74576 66622
-75277 65829
-76191 64769
-76915 63907
-77317 63421
-77776 62857
-78124 62424
-78355 62134
-78488 61966
-78632 61783
-78783 61590
-79532 60620
-80901 58780
-81361 58142
-81830 57480
-82297 56809
-82416 56637
-83034 55726
-83407 55167
-83810 54553
-84274 53833
-84485 53501
-84654 53233
-85736 51473
-85778 51403
-85958 51101
-86137 50798
-86284 50549
-86442 50278
-86841 49586
-87477 48455
-87877 47726
-88185 47154
-88458 46640
-88849 45891
-89160 45283
-89498 44612
-89597 44413
-89992 43607
-90241 43089
-90776 41951
-91032 41392
-91280 40842
-91460 40437
-91510 40324
-91893 39443
-92027 39130
-92114 38925
-92233 38642
-92459 38098
-92581 37801
-92798 37264
-93022 36702
-93089 36532
-93127 36435
-93240 36144
-93391 35753
-93449 35601
-93544 35350
-93619 35151
-94170 33647
-94238 33456
-94517 32660
-94723 32057
-94783 31880
-95203 30603
-95261 30422
-95476 29740
-95592 29365
-95656 29156
-96106 27636
-96333 26834
-96392 26622
-96403 26582
-96521 26149
-96605 25838
-96663 25620
-96837 24955
-97143 23736
-97388 22710
-97462 22389
-97499 22228
-97567 21928
-97596 21799
-97759 21055
-98044 19686
-98245 18657
-98277 18487
-98360 18039
-98518 17157
-98741 15823
-98785 15546
-98838 15204
-98887 14882
-99126 13199
-99143 13071
-99204 12600
-99352 11373
-99381 11114
-99406 10888
-99437 10601
-99470 10289
-99532 9670
-99548 9502
-99590 9054
-99606 8878
-99659 8261
-99694 7824
-99838 5700
-99907 4323
-99955 3023
-99962 2790
-99980 2048
-99990 1468
-99996 958
-99998 735
