1000 10
-99998 -754
-99991 -1400
-99986 -1728
-99981 -2000
-99973 -2361
-99969 -2528
-99959 -2893
-99928 -3808
-99915 -4142
-99870 -5115
-99846 -5565
-99834 -5775
-99723 -7451
-99690 -7879
-99643 -8452
-99625 -8664
-99606 -8879
-99509 -9908
-99289 -11910
-99194 -12679
-98942 -14515
-98847 -15147
-98692 -16126
-98656 -16344
-98616 -16585
-98456 -17508
-98424 -17686
-98357 -18057
-98257 -18595
-98238 -18694
-98071 -19551
-97965 -20075
-97890 -20439
-97826 -20743
-97775 -20980
-97435 -22508
-97343 -22902
-97295 -23106
-97256 -23269
-97208 -23469
-97188 -23552
-97155 -23687
-97071 -24029
-96978 -24402
-96894 -24734
-96825 -25002
-96755 -25271
-96022 -27928
-95419 -29923
-95080 -30984
-94886 -31573
-94687 -32164
-94456 -32837
-94239 -33455
-94139 -33735
-93842 -34553
-93709 -34912
-93436 -35636
-93205 -36236
-93082 -36550
-92522 -37945
-92265 -38567
-91945 -39322
-91770 -39730
-91073 -41303
-90962 -41547
-90826 -41843
-90403 -42750
-90307 -42952
-90200 -43176
-89877 -43844
-89692 -44221
-89568 -44472
-89145 -45314
-89006 -45587
-88793 -46000
-88699 -46181
-87564 -48299
-87502 -48411
-86931 -49429
-86872 -49533
-86506 -50168
-86088 -50883
-85913 -51178
-85670 -51584
-85294 -52203
-84850 -52922
-84778 -53037
-84316 -53768
-83838 -54511
-83426 -55139
-83105 -55621
-82955 -55845
-82664 -56275
-82473 -56555
-82414 -56641
-82336 -56754
-81977 -57271
-81651 -57735
-81251 -58296
-81174 -58403
-80495 -59335
-79979 -60030
-79832 -60225
-79677 -60430
-79477 -60693
-79248 -60991
-79036 -61266
-78480 -61976
-78315 -62185
-77627 -63042
-77285 -63460
-76890 -63939
-76783 -64067
-76271 -64676
-76131 -64840
-76090 -64888
-75855 -65163
-75320 -65781
-74988 -66159
-74120 -67130
-73429 -67885
-73004 -68342
-72636 -68733
-72600 -68771
-72337 -69047
-71156 -70264
-70787 -70636
-70668 -70755
-70392 -71029
-69790 -71621
-69477 -71925
-69294 -72101
-68976 -72405
-67548 -73739
-67348 -73922
-66971 -74264
-66473 -74710
-64049 -76798
-63952 -76879
-63305 -77412
-62700 -77903
-62629 -77960
-62412 -78134
-62407 -78138
-60514 -79613
-60163 -79879
-59073 -80688
-58700 -80960
-58433 -81153
-57958 -81493
-56858 -82264
-56726 -82355
-56378 -82594
-55762 -83011
-55345 -83289
-54802 -83648
-54067 -84125
-53198 -84677
-53088 -84746
-52793 -84930
-52656 -85015
-52410 -85167
-52293 -85239
-52113 -85349
-50527 -86297
-49644 -86808
-49395 -86950
-48641 -87374
-47848 -87811
-47492 -88004
-47177 -88173
-46567 -88497
-46047 -88769
-45291 -89157
-45087 -89260
-44751 -89429
-43097 -90238
-42779 -90389
-42575 -90485
-41413 -91023
-41179 -91129
-40948 -91233
-40825 -91288
-40284 -91528
-39621 -91817
-39382 -91920
-38943 -92107
-38317 -92369
-38164 -92432
-38052 -92478
-37417 -92737
-37301 -92784
-37181 -92832
-36910 -92940
-36143 -93241
-34610 -93821
-34222 -93963
-34057 -94023
-33006 -94397
-32332 -94630
-32014 -94738
-31130 -95032
-30857 -95121
-29996 -95396
-29334 -95602
-28989 -95707
-28906 -95732
-27389 -96177
-26831 -96334
-26077 -96541
-25666 -96651
-25363 -96731
-24996 -96826
-24728 -96895
-24295 -97005
-23494 -97202
-20300 -97919
-19736 -98034
-16285 -98666
-15974 -98717
-14825 -98896
-14553 -98936
-13830 -99040
-12964 -99157
-12553 -99210
-12248 -99248
-12102 -99266
-11869 -99294
-10567 -99441
-10233 -99476
-9875 -99512
-9764 -99523
-9242 -99573
-8593 -99631
-8176 -99666
-7739 -99701
-7726 -99702
-7437 -99724
-6522 -99788
-5946 -99824
-5289 -99861
-4045 -99919
-3765 -99930
-2781 -99962
-2557 -99968
-2440 -99971
-858 -99997
749 -99998
2141 -99978
2845 -99960
3187 -99950
3736 -99931
4508 -99899
5077 -99872
5342 -99858
5976 -99822
6095 -99815
6351 -99799
6565 -99785
7841 -99693
8066 -99675
8477 -99641
8798 -99613
9407 -99557
10566 -99441
11198 -99372
11495 -99338
12018 -99276
12101 -99266
12352 -99235
12818 -99176
14099 -99002
14458 -98950
14643 -98923
15074 -98858
15172 -98843
15367 -98813
15653 -98768
16118 -98693
16258 -98670
18067 -98355
18278 -98316
18788 -98220
19088 -98162
19292 -98122
19981 -97984
20886 -97795
21203 -97727
21883 -97577
22277 -97488
22662 -97399
23050 -97308
25009 -96823
25140 -96789
26331 -96472
26608 -96396
27591 -96119
27727 -96080
28606 -95822
29107 -95671
29894 -95428
30676 -95179
31053 -95057
31880 -94783
32193 -94677
32281 -94647
32619 -94531
33139 -94350
33538 -94209
33787 -94120
34114 -94002
34328 -93924
34598 -93825
36076 -93266
38030 -92487
38621 -92242
39697 -91784
40302 -91520
41045 -91189
41822 -90835
42097 -90708
42896 -90333
43598 -89996
43802 -89897
44115 -89744
44310 -89648
45084 -89261
46157 -88711
46251 -88662
46594 -88482
46702 -88425
47058 -88236
47448 -88027
47902 -87781
48321 -87551
52126 -85340
52803 -84923
53160 -84700
53528 -84468
53596 -84425
53846 -84266
54729 -83695
54982 -83529
55668 -83073
56918 -82222
57016 -82154
57229 -82006
57851 -81568
58000 -81462
58530 -81082
58602 -81030
58967 -80765
59764 -80177
59854 -80110
60805 -79390
61160 -79117
61888 -78549
62277 -78241
64393 -76509
65021 -75976
65341 -75701
65678 -75409
65773 -75326
67004 -74233
68983 -72398
69005 -72377
69520 -71882
69817 -71594
70178 -71240
70250 -71169
70335 -71085
70849 -70573
71230 -70188
71393 -70022
71588 -69823
72036 -69360
72169 -69222
72335 -69049
72868 -68486
73086 -68253
73209 -68121
74178 -67064
74245 -66990
74507 -66699
75491 -65583
75634 -65418
76287 -64656
76519 -64381
77102 -63682
78302 -62200
78413 -62060
78428 -62041
78952 -61373
80117 -59844
80751 -58986
81011 -58628
81066 -58552
81316 -58204
81643 -57745
82137 -57040
82807 -56063
83084 -55652
83692 -54733
84564 -53376
85094 -52526
85220 -52321
85879 -51233
85991 -51045
86178 -50729
86240 -50623
86368 -50404
87085 -49155
87455 -48494
87490 -48431
87658 -48126
87722 -48009
87940 -47609
88505 -46550
88710 -46158
88799 -45987
89287 -45031
89454 -44699
89574 -44458
89671 -44262
90076 -43432
90513 -42514
90855 -41778
91050 -41351
91524 -40291
91586 -40150
92430 -38167
92661 -37602
92796 -37268
93093 -36520
93204 -36236
93310 -35962
93503 -35457
93537 -35367
93679 -34988
93716 -34889
93791 -34688
93870 -34473
93969 -34203
94176 -33629
94380 -33052
94414 -32955
94670 -32212
95060 -31041
95089 -30952
95168 -30709
95324 -30222
95353 -30130
95524 -29584
95986 -28048
96177 -27385
96265 -27075
96339 -26810
96437 -26456
96807 -25068
96904 -24691
97186 -23556
97263 -23235
97623 -21674
97708 -21288
97734 -21168
97809 -20818
97891 -20430
97918 -20300
98058 -19612
98190 -18939
98399 -17822
98608 -16627
98653 -16357
98736 -15848
98778 -15586
98851 -15115
98907 -14744
98936 -14549
98976 -14274
99111 -13305
99190 -12702
99276 -12009
99335 -11510
99406 -10883
99424 -10716
99463 -10348
99535 -9628
99612 -8797
99664 -8188
99693 -7824
99715 -7544
99799 -6333
99810 -6158
99820 -5997
99868 -5136
99888 -4726
99894 -4595
99911 -4218
99926 -3847
99945 -3310
99950 -3162
99964 -2674
99975 -2233
99980 -1994
99988 -1545
99998 -619
99999 389
99994 1094
99991 1336
99986 1668
99979 2044
99972 2341
99963 2708
99957 2922
99931 3712
99914 4137
99840 5649
99824 5924
99812 6128
99769 6790
99665 8175
99653 8320
99573 9230
99455 10425
99284 11943
99256 12175
98948 14466
98900 14791
98872 14976
98865 15022
98820 15316
98803 15425
98791 15501
98584 16766
98534 17059
98409 17765
98391 17864
98330 18198
98164 19072
98096 19420
97976 20016
97815 20790
97805 20837
97738 21148
97627 21655
97522 22122
97479 22311
97362 22817
97166 23637
96786 25148
96677 25564
96491 26257
96403 26578
95963 28126
95306 30278
95124 30844
94924 31454
94749 31978
94544 32578
94351 33133
94075 33910
93855 34514
93824 34598
93640 35093
93440 35622
93064 36593
92736 37416
92717 37463
92477 38052
92115 38919
92098 38959
91846 39551
91641 40023
91603 40110
91537 40261
90840 41810
90272 43022
90070 43443
89750 44101
89509 44588
89447 44712
88942 45709
88775 46032
88474 46608
87935 47617
86729 49780
86552 50087
85805 51356
84534 53422
84232 53897
83963 54315
83509 55011
82793 56083
82696 56226
82312 56786
82193 56958
82053 57159
80886 58800
80567 59235
80475 59360
80281 59623
80147 59803
79595 60536
78896 61444
78571 61859
77771 62862
77283 63461
77227 63529
76686 64181
76629 64249
76183 64777
76046 64938
75406 65680
75220 65893
75095 66035
74608 66585
73819 67459
73305 68017
72862 68491
72736 68625
72307 69077
71805 69599
71496 69916
71350 70065
69865 71546
69455 71944
68617 72744
68363 72982
68058 73267
68004 73317
66368 74801
66108 75031
65641 75440
65370 75675
64807 76158
64682 76264
64026 76815
63890 76928
63484 77264
62246 78264
61746 78660
60837 79365
60186 79860
59838 80121
59647 80263
59078 80683
58749 80923
57250 81990
56996 82167
56782 82315
55195 83387
54901 83581
54366 83930
54179 84051
53151 84705
52386 85180
51889 85484
51433 85759
50893 86080
50620 86241
49489 86895
48707 87336
48408 87502
47445 88028
47070 88229
46986 88274
46835 88354
45771 88910
45327 89137
44568 89519
43569 90009
43403 90089
43108 90231
42846 90356
42101 90705
40958 91227
40909 91249
39729 91769
39453 91888
38965 92096
38827 92154
38586 92255
38476 92301
38190 92420
37498 92703
37155 92841
36486 93106
35540 93471
34544 93844
32793 94470
32055 94723
31802 94808
31333 94964
29875 95433
29443 95567
28786 95767
28508 95850
28138 95959
27848 96044
26757 96353
26599 96397
25328 96739
25144 96787
23629 97168
23126 97289
22722 97384
22544 97425
21646 97629
20490 97878
19475 98085
18761 98224
18295 98312
17558 98446
17093 98528
16513 98627
14904 98883
14575 98932
14343 98966
13914 99027
13758 99049
12487 99217
12001 99277
11616 99323
11223 99368
10685 99427
10350 99462
9496 99548
9465 99551
8845 99608
8625 99627
7993 99680
7829 99693
7464 99721
6849 99765
6583 99783
5438 99852
4380 99904
2858 99959
2400 99971
2048 99979
1464 99989
-308 99999
-892 99996
-1244 99992
-1890 99982
-2046 99979
-3063 99953
-3346 99944
-3999 99920
-4120 99915
-5251 99862
-5791 99832
-6075 99815
-6476 99790
-7917 99686
-8425 99644
-8738 99617
-8953 99598
-9451 99552
-9856 99513
-10204 99478
-11261 99364
-11668 99317
-12321 99238
-12409 99227
-12575 99206
-12988 99153
-13258 99117
-13459 99090
-13713 99055
-14231 98982
-14445 98951
-15191 98839
-17111 98525
-17300 98492
-17628 98434
-18209 98328
-18541 98266
-18757 98225
-19642 98052
-20548 97866
-20870 97798
-21274 97711
-21388 97686
-22212 97502
-22390 97461
-22689 97392
-22784 97370
-23004 97318
-23394 97225
-23621 97170
-24234 97019
-24584 96931
-25172 96780
-25686 96645
-25865 96597
-26055 96546
-26103 96533
-26210 96504
-26408 96450
-26724 96363
-27221 96224
-27741 96075
-28783 95768
-30463 95247
-31663 94855
-31991 94745
-32132 94697
-32765 94480
-34661 93801
-35000 93675
-35452 93505
-36207 93215
-37578 92671
-37765 92595
-38055 92476
-38205 92414
-38345 92356
-38786 92172
-39663 91798
-40178 91574
-41421 91018
-41522 90972
-41612 90931
-41882 90807
-42580 90482
-43230 90173
-43309 90135
-44008 89796
-44535 89536
-44799 89404
-44980 89313
-46162 88708
-47060 88235
-47775 87850
-47954 87752
-48264 87582
-48429 87491
-49445 86921
-50238 86465
-50446 86344
-50861 86100
-51379 85792
-51778 85551
-52105 85353
-52662 85010
-52843 84898
-53493 84490
-53961 84191
-54673 83731
-55060 83477
-55772 83003
-56141 82754
-56671 82392
-57132 82073
-57261 81983
-57550 81780
-58458 81134
-58681 80973
-58916 80802
-59270 80543
-59519 80359
-60340 79744
-61696 78700
-62669 77927
-63053 77617
-63526 77230
-63712 77077
-64224 76651
-64516 76405
-64672 76273
-64843 76128
-65028 75970
-65504 75560
-66508 74678
-66650 74551
-67119 74129
-67192 74063
-67379 73893
-68525 72831
-68983 72398
-69425 71974
-71907 69494
-72390 68991
-72810 68548
-73297 68027
-73756 67529
-74078 67175
-75010 66133
-75481 65595
-75964 65035
-76109 64865
-76413 64507
-77606 63067
-77645 63019
-77942 62651
-78184 62349
-78646 61765
-78854 61499
-79056 61239
-79230 61014
-80356 59523
-80853 58846
-80967 58689
-81109 58493
-81181 58393
-81989 57253
-83125 55591
-83366 55229
-83691 54735
-84215 53925
-84882 52869
-84887 52861
-85883 51227
-86232 50638
-86468 50233
-86915 49455
-87866 47746
-88015 47471
-88171 47181
-88380 46788
-88685 46207
-88876 45839
-89153 45297
-89260 45086
-89318 44971
-89385 44838
-89480 44648
-89990 43611
-90887 41710
-91257 40892
-91742 39793
-91854 39534
-92346 38371
-92681 37555
-93076 36565
-93407 35711
-93722 34875
-93744 34816
-93789 34695
-94232 33473
-94642 32296
-94816 31782
-94942 31403
-95261 30421
-95415 29935
-95480 29727
-96104 27643
-96154 27468
-96419 26524
-96485 26283
-96703 25469
-96897 24721
-97029 24198
-97168 23633
-97344 22897
-97426 22547
-97754 21078
-97925 20269
-97941 20192
-97956 20119
-98035 19730
-98247 18646
-98586 16761
-98685 16169
-98714 15991
-98771 15635
-98842 15179
-98878 14943
-98905 14762
-99006 14070
-99073 13591
-99119 13252
-99159 12949
-99184 12755
-99240 12312
-99294 11869
-99319 11659
-99367 11242
-99398 10964
-99490 10093
-99499 10006
-99716 7543
-99718 7516
-99756 6995
-99779 6654
-99806 6234
-99829 5860
-99851 5473
-99871 5094
-99895 4601
-99914 4169
-99947 3281
-99954 3063
-99970 2478
-99976 2234
-99977 2186
-99990 1481
-99993 1257
