1000 20
-99998 -766
-99988 -1579
-99945 -3345
-99915 -4134
-99854 -5418
-99760 -6937
-99709 -7634
-99623 -8684
-99563 -9349
-99403 -10918
-99368 -11232
-99345 -11435
-99327 -11590
-99233 -12370
-99086 -13496
-99054 -13729
-99041 -13822
-98939 -14535
-98910 -14731
-98851 -15122
-98846 -15155
-98791 -15508
-98626 -16526
-98355 -18068
-98304 -18344
-98289 -18425
-98265 -18553
-97966 -20072
-97795 -20889
-97442 -22478
-97185 -23564
-97058 -24082
-96460 -26376
-96358 -26746
-96244 -27153
-95984 -28058
-95629 -29245
-95609 -29310
-95568 -29443
-95466 -29773
-95208 -30589
-95124 -30848
-94876 -31603
-94759 -31952
-94599 -32423
-94518 -32658
-94223 -33499
-94189 -33594
-93959 -34233
-93285 -36029
-93127 -36436
-92860 -37111
-92722 -37453
-92429 -38171
-92342 -38382
-92300 -38483
-92154 -38831
-91902 -39423
-91841 -39565
-91685 -39926
-91574 -40180
-91347 -40693
-91042 -41371
-90875 -41737
-90676 -42167
-90621 -42285
-90552 -42433
-90353 -42855
-90301 -42964
-90247 -43077
-89828 -43945
-89615 -44378
-89141 -45322
-88855 -45880
-88401 -46749
-88076 -47359
-87890 -47703
-87780 -47905
-87702 -48047
-87398 -48598
-87339 -48704
-87296 -48781
-87093 -49143
-86723 -49793
-86598 -50010
-86292 -50536
-86203 -50688
-86013 -51009
-85643 -51628
-85218 -52327
-84729 -53115
-84348 -53718
-84226 -53909
-84137 -54048
-83479 -55059
-83357 -55243
-83274 -55368
-83043 -55714
-82604 -56363
-81227 -58330
-81088 -58523
-81021 -58616
-80730 -59016
-80493 -59339
-80283 -59623
-80097 -59872
-79940 -60082
-79119 -61159
-79029 -61275
-78741 -61645
-78394 -62085
-77175 -63594
-76980 -63830
-76542 -64355
-76445 -64470
-75572 -65491
-75293 -65812
-74439 -66776
-74172 -67073
-73663 -67631
-72677 -68689
-72430 -68950
-71401 -70015
-70999 -70423
-69396 -72003
-68556 -72803
-68268 -73073
-68206 -73131
-67572 -73717
-67314 -73953
-67150 -74102
-66962 -74272
-66903 -74325
-66100 -75040
-65804 -75300
-65604 -75474
-64993 -76001
-64332 -76561
-64142 -76720
-63877 -76941
-63571 -77194
-63380 -77351
-62853 -77780
-61684 -78710
-60547 -79588
-60429 -79678
-60202 -79849
-59827 -80131
-59675 -80244
-59040 -80712
-57380 -81901
-56965 -82190
-55490 -83193
-55335 -83296
-54694 -83718
-54116 -84093
-53000 -84801
-52656 -85015
-52403 -85171
-52060 -85381
-51438 -85757
-50703 -86194
-50408 -86367
-50155 -86514
-49861 -86684
-49531 -86873
-48677 -87354
-47583 -87955
-47232 -88144
-46476 -88545
-46432 -88568
-46143 -88719
-44274 -89666
-44043 -89780
-42968 -90299
-42745 -90405
-42362 -90585
-40716 -91337
-40542 -91414
-39822 -91730
-39190 -92002
-38949 -92104
-38119 -92451
-37899 -92541
-37238 -92809
-36551 -93082
-36449 -93122
-35772 -93384
-35481 -93495
-34742 -93772
-33978 -94051
-33787 -94120
-33592 -94190
-32883 -94440
-32040 -94729
-31934 -94765
-31851 -94793
-30821 -95133
-30528 -95227
-30162 -95344
-29239 -95631
-28780 -95770
-27592 -96119
-25738 -96632
-25337 -96738
-24687 -96906
-24628 -96921
-24442 -96968
-24306 -97002
-22860 -97353
-22360 -97469
-21755 -97606
-21484 -97666
-21052 -97760
-20703 -97834
-18897 -98199
-18737 -98230
-18393 -98295
-18172 -98336
-18063 -98356
-17745 -98414
-17600 -98440
-15731 -98756
-15188 -98841
-14378 -98962
-13205 -99125
-12608 -99203
-11125 -99380
-10826 -99413
-10358 -99463
-10067 -99493
-9775 -99522
-8967 -99598
-8404 -99647
-8274 -99658
-8225 -99662
-8028 -99678
-7816 -99695
-6952 -99759
-6171 -99810
-5925 -99825
-5742 -99836
-4304 -99908
-3464 -99941
-3283 -99947
-741 -99998
753 -99998
1729 -99986
2131 -99978
2177 -99977
3188 -99950
3424 -99942
4096 -99917
5251 -99863
5490 -99850
6975 -99757
9076 -99588
9184 -99578
9671 -99532
9957 -99504
11321 -99358
11356 -99354
11581 -99328
11802 -99302
11986 -99280
12465 -99221
13391 -99100
13458 -99091
13764 -99049
14602 -98929
14936 -98879
15309 -98822
16720 -98593
17732 -98416
18230 -98325
18471 -98280
18699 -98237
18976 -98184
19227 -98135
19810 -98019
20336 -97911
20841 -97805
21036 -97763
21672 -97624
22193 -97507
25328 -96740
25703 -96641
25860 -96599
26224 -96501
26527 -96418
26813 -96339
26948 -96301
28400 -95883
29469 -95560
29775 -95465
29967 -95405
30547 -95221
31123 -95034
31841 -94796
32160 -94688
32381 -94613
32561 -94551
33535 -94210
33876 -94088
34372 -93908
34813 -93745
35196 -93602
35308 -93560
35464 -93501
35646 -93432
35966 -93309
36509 -93098
37070 -92876
37458 -92720
37710 -92618
37959 -92516
38221 -92408
38597 -92252
39176 -92007
39362 -91928
39504 -91867
39927 -91684
40435 -91461
41045 -91189
41314 -91067
41501 -90982
42125 -90695
42509 -90516
43031 -90269
43196 -90190
43786 -89905
43823 -89887
45112 -89247
45284 -89160
45623 -88987
46067 -88758
46869 -88337
47441 -88031
47748 -87865
47851 -87809
47985 -87736
48236 -87598
48394 -87511
48509 -87447
49239 -87038
49477 -86903
50515 -86304
50595 -86257
50892 -86082
51148 -85930
51483 -85730
52454 -85139
52621 -85036
54196 -84041
54368 -83930
55231 -83364
55691 -83058
56103 -82780
56298 -82648
56705 -82369
57213 -82017
57675 -81693
58069 -81413
58347 -81214
59183 -80607
60575 -79566
61710 -78689
62257 -78257
63739 -77055
64261 -76620
64516 -76405
64735 -76220
65870 -75241
66490 -74694
66605 -74591
67141 -74109
67204 -74052
67533 -73752
67674 -73623
67971 -73349
69830 -71581
69970 -71444
70207 -71211
70653 -70769
70729 -70693
71071 -70349
71746 -69660
72198 -69192
72374 -69008
73163 -68171
73307 -68016
73880 -67393
74456 -66756
74658 -66530
75141 -65984
75914 -65093
76545 -64350
77203 -63559
77377 -63347
77783 -62848
77951 -62639
78004 -62573
78685 -61715
79014 -61293
79810 -60253
80135 -59820
81583 -57829
81756 -57585
82231 -56904
82427 -56619
82515 -56491
82630 -56323
82936 -55872
83419 -55148
84643 -53250
85204 -52348
85644 -51625
86048 -50949
86386 -50374
87109 -49113
87679 -48087
88138 -47241
88237 -47056
88900 -45791
89177 -45249
89238 -45129
89390 -44827
89747 -44108
90070 -43444
90518 -42503
90612 -42302
90828 -41837
91025 -41406
91078 -41290
91822 -39607
92356 -38346
92575 -37813
92772 -37328
92802 -37253
93132 -36420
93141 -36397
93327 -35918
93349 -35861
93920 -34337
94068 -33930
94151 -33698
94417 -32945
94533 -32612
94670 -32211
94718 -32070
94864 -31636
95228 -30522
95372 -30069
95451 -29818
95584 -29389
95645 -29190
95757 -28821
95978 -28075
96063 -27783
96185 -27357
96334 -26829
96706 -25455
96741 -25322
96847 -24913
96981 -24386
97132 -23778
97690 -21368
97780 -20953
97859 -20581
98017 -19814
98192 -18928
98253 -18610
98266 -18542
98343 -18129
98606 -16639
98618 -16568
98718 -15961
98735 -15855
98811 -15375
98883 -14904
99178 -12795
99254 -12192
99271 -12053
99402 -10919
99448 -10493
99517 -9816
99520 -9785
99566 -9307
99598 -8954
99631 -8581
99640 -8477
99664 -8188
99683 -7956
99761 -6907
99793 -6428
99813 -6108
99842 -5612
99871 -5077
99884 -4815
99897 -4538
99962 -2749
99965 -2642
99986 -1664
99987 -1603
99991 -1340
99995 -996
99995 986
99969 2484
99966 2605
99948 3224
99934 3630
99909 4257
99895 4571
99883 4827
99872 5053
99838 5687
99828 5860
99786 6536
99776 6688
99679 8002
99573 9228
99534 9639
99523 9754
99468 10297
99446 10510
99407 10870
99349 11389
99168 12868
99101 13375
99017 13986
98945 14486
98907 14744
98703 16053
98334 18174
98282 18454
97894 20413
97804 20841
97639 21601
97460 22394
97387 22709
97372 22773
97258 23256
97196 23514
97143 23732
97092 23939
96987 24362
96905 24685
96865 24842
96813 25044
96447 26419
96371 26694
96035 27879
95878 28414
95716 28955
95469 29760
95260 30422
95141 30792
94638 32305
94481 32760
94303 33269
94240 33448
93936 34292
93805 34649
92746 37391
92271 38549
91983 39230
91663 39973
91517 40306
90082 43419
89744 44113
89552 44501
89337 44931
89193 45216
89117 45366
89066 45466
88468 46619
88331 46878
88296 46944
87901 47679
87796 47873
87519 48377
87236 48886
87021 49267
86699 49832
86383 50378
86101 50858
85915 51172
85819 51333
85620 51664
85023 52640
84883 52866
84201 53945
83963 54315
83891 54426
83815 54543
83772 54609
83558 54936
83276 55363
82169 56993
81173 58403
80684 59076
80507 59317
80334 59551
80236 59683
79271 60959
78768 61608
78180 62352
78006 62570
77770 62863
77275 63470
76827 64012
76807 64036
76706 64157
76577 64311
76279 64664
75473 65603
75095 66035
74683 66501
74635 66555
73959 67305
73816 67462
72394 68986
71675 69732
71539 69872
71459 69954
71065 70354
70594 70827
68502 72852
67739 73562
67483 73797
67218 74038
66648 74552
66261 74896
64749 76207
64545 76380
63232 77470
62727 77880
62361 78173
62194 78306
61859 78571
60929 79294
60787 79403
60551 79583
59441 80416
59233 80569
59154 80627
58933 80789
58705 80954
58409 81168
58262 81274
57995 81465
56870 82254
55936 82892
55553 83149
55233 83362
54623 83763
54301 83972
54142 84075
54063 84126
53645 84393
53406 84544
52972 84817
52133 85335
51406 85775
51118 85947
50919 86065
49449 86918
49255 87028
48410 87501
46997 88268
46899 88320
46328 88621
46143 88717
44590 89508
44245 89679
43667 89962
42886 90337
42543 90499
41268 91087
40162 91580
39899 91695
39655 91801
38405 92331
38183 92423
36987 92908
36293 93181
36257 93195
35061 93652
35010 93671
34538 93846
34070 94017
33645 94170
32853 94449
31978 94749
31665 94854
29939 95413
29727 95479
29056 95685
28733 95783
26921 96308
25999 96561
25443 96709
25260 96757
24097 97053
22536 97427
21129 97742
20990 97772
20205 97937
19938 97992
19721 98036
18936 98190
18807 98215
18650 98245
18036 98360
17860 98392
17598 98439
17013 98542
16369 98651
16345 98655
15528 98787
15218 98835
14398 98958
14153 98993
13278 99114
12559 99208
12126 99262
11590 99326
11547 99331
11114 99380
9782 99520
9501 99547
8821 99610
8249 99659
7370 99728
6949 99758
5979 99821
5185 99865
4790 99885
4463 99900
4394 99903
3630 99934
2893 99958
2820 99960
1662 99986
1330 99991
878 99996
-1655 99986
-2429 99970
-2755 99962
-3024 99954
-3649 99933
-4023 99919
-4421 99902
-4643 99892
-5232 99863
-6460 99791
-6960 99757
-7369 99728
-7905 99687
-8500 99638
-9264 99570
-10279 99470
-10528 99444
-10706 99425
-10891 99405
-11043 99388
-11381 99350
-11828 99298
-12119 99263
-12449 99222
-13468 99089
-14818 98896
-15769 98749
-16627 98608
-17070 98532
-17322 98488
-17544 98449
-18226 98325
-18413 98290
-18925 98193
-19547 98071
-19904 97999
-20232 97932
-20561 97863
-20831 97806
-22077 97532
-22810 97364
-23498 97200
-23638 97166
-24211 97025
-24553 96939
-24792 96878
-25095 96800
-26346 96467
-26728 96362
-26875 96321
-27291 96204
-27766 96068
-29045 95689
-29657 95501
-30329 95290
-31259 94989
-31474 94918
-31659 94856
-34015 94037
-34416 93891
-34536 93847
-34620 93816
-34774 93759
-34982 93682
-35787 93377
-36013 93290
-36553 93080
-36827 92972
-38983 92089
-40125 91597
-40648 91366
-42796 90380
-43412 90085
-44537 89535
-44982 89312
-45259 89172
-45614 88991
-46043 88770
-46185 88696
-46546 88507
-46849 88347
-47273 88121
-48170 87634
-49120 87105
-49356 86971
-49683 86785
-50122 86532
-51427 85763
-51547 85691
-51947 85449
-52265 85255
-52772 84942
-53069 84757
-53707 84354
-54589 83786
-54922 83568
-54989 83524
-55089 83458
-55260 83345
-55397 83254
-55638 83093
-56546 82478
-56678 82387
-57300 81956
-57521 81801
-58077 81407
-58277 81264
-58617 81019
-59698 80226
-59765 80176
-60510 79615
-61155 79121
-61328 78987
-61485 78865
-61871 78562
-63560 77202
-63703 77084
-65433 75621
-65683 75404
-66101 75038
-66975 74259
-67145 74105
-67872 73440
-67923 73393
-67980 73340
-68577 72782
-69038 72345
-69816 71595
-70915 70506
-71053 70367
-71234 70184
-71505 69908
-71788 69617
-72128 69265
-72306 69079
-72767 68593
-73296 68028
-74184 67058
-74699 66484
-75027 66114
-75115 66014
-75540 65527
-76536 64361
-77213 63547
-77846 62770
-78583 61845
-78721 61669
-78848 61506
-79065 61227
-79242 60998
-79399 60794
-79616 60509
-79660 60451
-79779 60294
-80001 59999
-80422 59434
-82583 56393
-82670 56265
-82847 56004
-83115 55606
-85115 52493
-85331 52141
-85722 51496
-85767 51421
-85923 51160
-85979 51066
-86455 50256
-86662 49898
-86821 49621
-87033 49248
-87212 48930
-87326 48726
-87592 48247
-87685 48078
-87963 47567
-88302 46935
-88762 46059
-88993 45611
-89294 45019
-89426 44756
-89529 44550
-89660 44286
-90061 43464
-90157 43264
-90299 42967
-90515 42511
-90777 41948
-90942 41589
-90992 41480
-91399 40575
-91483 40386
-91772 39724
-91830 39590
-91998 39198
-92542 37896
-92606 37739
-92950 36884
-93071 36577
-93256 36103
-94033 34029
-94344 33156
-94804 31818
-94856 31662
-95096 30934
-95217 30559
-95250 30456
-95538 29541
-95740 28878
-96029 27903
-96157 27459
-96350 26773
-96429 26488
-96589 25898
-97254 23277
-97356 22846
-97404 22641
-97445 22464
-97473 22342
-97625 21668
-97662 21501
-97719 21241
-97948 20157
-98002 19894
-98115 19329
-98151 19146
-98466 17451
-98518 17155
-98783 15560
-98855 15095
-99045 13794
-99055 13722
-99092 13451
-99185 12747
-99209 12559
-99332 11547
-99403 10918
-99474 10251
-99495 10046
-99552 9465
-99583 9132
-99642 8464
-99662 8226
-99672 8103
-99696 7803
-99761 6919
-99803 6288
-99831 5817
-99859 5321
-99866 5191
-99890 4706
-99944 3367
-99973 2364
-99982 1941
-99999 610
