1000 30
-99991 -1389
-99970 -2490
-99957 -2963
-99937 -3574
-99933 -3685
-99929 -3789
-99871 -5095
-99789 -6508
-99776 -6705
-99760 -6938
-99731 -7343
-99723 -7452
-99642 -8464
-99599 -8956
-99451 -10474
-99427 -10699
-99338 -11494
-99294 -11869
-99270 -12067
-99201 -12623
-99193 -12686
-99169 -12873
-99114 -13288
-99105 -13354
-99027 -13923
-98876 -14956
-98843 -15173
-98816 -15349
-98811 -15381
-98713 -15997
-98696 -16102
-98663 -16303
-98489 -17324
-98464 -17465
-98322 -18248
-98133 -19237
-98095 -19430
-98071 -19550
-97993 -19938
-97968 -20061
-97953 -20134
-97902 -20381
-97828 -20734
-97754 -21080
-97695 -21352
-97584 -21853
-97306 -23058
-97269 -23214
-96948 -24521
-96552 -26036
-96348 -26780
-96301 -26949
-96126 -27567
-95925 -28259
-95841 -28543
-95564 -29457
-95344 -30161
-94932 -31434
-94775 -31905
-94597 -32429
-94349 -33143
-94321 -33223
-94252 -33418
-93996 -34132
-93863 -34495
-93674 -35006
-93584 -35245
-93278 -36048
-93037 -36665
-92926 -36946
-92840 -37161
-92650 -37632
-92329 -38413
-92259 -38581
-92000 -39194
-91968 -39269
-91862 -39517
-91502 -40343
-90547 -42443
-90388 -42781
-90043 -43503
-89545 -44519
-88913 -45768
-88529 -46506
-88180 -47165
-87874 -47732
-87541 -48340
-87499 -48416
-87392 -48609
-87044 -49230
-86781 -49692
-86585 -50032
-86548 -50096
-85731 -51482
-85702 -51530
-85468 -51917
-84749 -53083
-84214 -53928
-83426 -55139
-83327 -55289
-83129 -55586
-81979 -57268
-81704 -57660
-81057 -58566
-80721 -59028
-80595 -59200
-79765 -60314
-79311 -60910
-77508 -63188
-77288 -63456
-76959 -63855
-76624 -64257
-76476 -64433
-76325 -64612
-76286 -64658
-76024 -64966
-75909 -65100
-75324 -65776
-74898 -66261
-74405 -66814
-74178 -67066
-73592 -67708
-73442 -67871
-72945 -68405
-72855 -68501
-72761 -68601
-71747 -69660
-71397 -70019
-70018 -71398
-69781 -71630
-69520 -71883
-69127 -72261
-69079 -72307
-68995 -72387
-68850 -72525
-68553 -72806
-68004 -73319
-67883 -73431
-67666 -73631
-67410 -73865
-65959 -75164
-65126 -75887
-64024 -76819
-63566 -77198
-63055 -77616
-62928 -77719
-62768 -77848
-62191 -78310
-62054 -78419
-61138 -79135
-60912 -79309
-59605 -80296
-59256 -80554
-58619 -81018
-58306 -81244
-57863 -81560
-57643 -81716
-57127 -82077
-56572 -82461
-56019 -82838
-55830 -82965
-55034 -83495
-54710 -83708
-54526 -83828
-54301 -83974
-53685 -84369
-52672 -85005
-52494 -85115
-52293 -85239
-51830 -85521
-51300 -85840
-51053 -85987
-49918 -86651
-49212 -87054
-48159 -87641
-47633 -87928
-47323 -88095
-46900 -88321
-46550 -88506
-45653 -88972
-45600 -88999
-44795 -89407
-44262 -89672
-43809 -89894
-42428 -90554
-42092 -90711
-41699 -90892
-41073 -91177
-40892 -91258
-40617 -91381
-39818 -91732
-39192 -92001
-38463 -92308
-38104 -92457
-38087 -92464
-37647 -92644
-37221 -92816
-37013 -92899
-36607 -93060
-35612 -93445
-33763 -94129
-33707 -94149
-33460 -94237
-33259 -94308
-33242 -94314
-33086 -94369
-32594 -94540
-32052 -94725
-31711 -94840
-30842 -95126
-29718 -95483
-28469 -95863
-27862 -96041
-25685 -96646
-25305 -96746
-24998 -96826
-24054 -97065
-23727 -97145
-23395 -97226
-23046 -97309
-21924 -97568
-21786 -97599
-21611 -97638
-20255 -97928
-20018 -97977
-19794 -98022
-18345 -98304
-18145 -98341
-17892 -98387
-17320 -98489
-16973 -98550
-16580 -98617
-15841 -98738
-14288 -98975
-13952 -99023
-13823 -99041
-13391 -99100
-12978 -99155
-12724 -99188
-11401 -99349
-10874 -99408
-10699 -99427
-9957 -99504
-9702 -99529
-9370 -99561
-8812 -99612
-7135 -99746
-6306 -99802
-5994 -99821
-5210 -99865
-4998 -99876
-4688 -99891
-4446 -99902
-3995 -99921
-3683 -99933
-3160 -99951
-2568 -99968
-1240 -99993
-445 -100000
556 -99999
1061 -99995
1230 -99993
3546 -99938
3969 -99922
4357 -99906
4688 -99891
5325 -99859
5827 -99831
6731 -99774
6995 -99756
8250 -99660
8658 -99625
8889 -99605
9662 -99533
10397 -99459
11409 -99348
11976 -99281
12685 -99193
13575 -99075
13851 -99037
14025 -99012
14574 -98933
14798 -98900
16254 -98671
17844 -98396
18040 -98360
18772 -98223
19384 -98104
19789 -98023
20016 -97977
20713 -97832
21364 -97692
22889 -97346
23259 -97258
23413 -97221
24197 -97029
24568 -96936
25102 -96799
25760 -96626
26232 -96499
26528 -96418
27173 -96238
27466 -96155
27803 -96058
29810 -95454
30337 -95288
30691 -95174
31509 -94907
32445 -94591
32752 -94485
33145 -94348
33382 -94264
33793 -94118
34230 -93960
35417 -93519
35580 -93457
36093 -93260
36902 -92943
37227 -92813
38541 -92275
39322 -91945
39648 -91805
39784 -91746
40419 -91468
40616 -91381
40789 -91304
43214 -90181
43878 -89860
44290 -89658
44498 -89555
45398 -89102
45806 -88893
46090 -88746
46353 -88609
46865 -88339
47643 -87922
48103 -87671
48243 -87594
49188 -87067
49703 -86774
50314 -86421
50765 -86157
50880 -86089
51897 -85480
52811 -84918
54349 -83942
54449 -83877
54759 -83675
54817 -83637
55978 -82865
56309 -82640
57577 -81762
57748 -81641
57968 -81485
58569 -81054
59198 -80596
59228 -80574
59611 -80291
59925 -80057
61821 -78602
62005 -78457
63330 -77391
64649 -76293
64904 -76076
64985 -76007
65594 -75482
65783 -75317
66261 -74897
66394 -74779
66597 -74598
66795 -74421
66824 -74395
67190 -74065
67569 -73719
68600 -72761
69038 -72345
69348 -72048
69448 -71952
70127 -71290
70289 -71130
70385 -71035
71652 -69757
72498 -68877
72614 -68755
73013 -68331
73457 -67854
74043 -67214
74257 -66977
74461 -66750
74748 -66429
74948 -66203
75197 -65920
76326 -64609
76496 -64408
77032 -63766
77176 -63592
77346 -63385
77866 -62745
78774 -61601
78856 -61496
78950 -61375
79033 -61268
79577 -60560
79634 -60485
79783 -60288
80011 -59986
80354 -59525
80502 -59325
81155 -58429
81470 -57988
81925 -57344
81955 -57301
82193 -56959
82437 -56605
84095 -54112
84213 -53928
84571 -53365
84968 -52730
85164 -52413
85490 -51880
86150 -50776
86183 -50720
87526 -48365
88034 -47435
88575 -46416
88804 -45977
88932 -45729
89533 -44541
89971 -43649
90192 -43191
90472 -42601
90566 -42401
91113 -41212
91223 -40968
91323 -40745
91654 -39995
91844 -39556
92266 -38562
92387 -38271
92444 -38133
92523 -37941
92669 -37583
92824 -37199
93149 -36376
93315 -35949
93628 -35125
94167 -33654
94212 -33528
94365 -33095
94543 -32583
95109 -30892
95196 -30623
95391 -30010
95745 -28860
96164 -27432
96285 -27004
96339 -26811
96381 -26659
96445 -26427
97069 -24034
97222 -23407
97377 -22754
97432 -22516
97567 -21924
97645 -21575
97734 -21168
97934 -20222
98026 -19771
98062 -19592
98141 -19193
98206 -18857
98263 -18558
98329 -18204
98392 -17857
98423 -17686
98463 -17461
98684 -16170
98756 -15724
98775 -15604
98796 -15471
98876 -14950
98900 -14792
98953 -14433
99036 -13852
99058 -13693
99087 -13482
99150 -13010
99228 -12400
99296 -11844
99310 -11726
99405 -10893
99428 -10680
99455 -10426
99555 -9420
99613 -8786
99616 -8752
99647 -8394
99676 -8043
99686 -7917
99729 -7357
99744 -7151
99798 -6352
99946 -3286
99959 -2863
99974 -2276
99985 -1730
99996 -882
99997 -772
99999 386
99998 632
99959 2859
99942 3405
99897 4529
99878 4935
99843 5599
99819 6009
99797 6368
99686 7917
99626 8639
99614 8776
99578 9175
99388 11044
99336 11501
99310 11725
99270 12059
99197 12645
98944 14494
98820 15315
98693 16114
98471 17418
98436 17615
98191 18932
98034 19730
97919 20293
97535 22066
97329 22957
97297 23092
97195 23518
97107 23877
97012 24260
96938 24556
96722 25393
96451 26403
96424 26502
96274 27042
96227 27208
96090 27689
96033 27886
95951 28167
95870 28441
95700 29008
95495 29676
95135 30810
94994 31241
94883 31577
94765 31930
94531 32616
94409 32968
94354 33125
93592 35220
93013 36722
92561 37847
92419 38192
92337 38390
92107 38939
91328 40733
91096 41249
90708 42095
90408 42735
89973 43644
89152 45297
88680 46214
88463 46629
88014 47471
87762 47935
87672 48099
87393 48604
87182 48982
86848 49572
86487 50199
86100 50860
85927 51151
85670 51581
85368 52079
85222 52318
84895 52847
84470 53523
84261 53852
83494 55033
83173 55517
82544 56448
82448 56588
81997 57240
81241 58308
81035 58594
81001 58641
80980 58670
80948 58714
80352 59527
79560 60582
79464 60708
79208 61041
78727 61660
77119 63660
76440 64474
76309 64629
76194 64764
75860 65155
75384 65705
74850 66313
74649 66539
74446 66766
74316 66911
73518 67787
73186 68145
73107 68230
71861 69541
71526 69885
71433 69980
71328 70087
71200 70217
70700 70721
70347 71072
70049 71366
69512 71889
69245 72146
68658 72705
68250 73088
68106 73222
67895 73418
67225 74032
66990 74245
66850 74371
66718 74489
66275 74883
65857 75251
65093 75913
64757 76200
63868 76947
62988 77669
62941 77707
62692 77908
62208 78295
62020 78444
61495 78856
60867 79342
60780 79409
60571 79568
60309 79767
59934 80049
58860 80842
57517 81803
57234 82001
57069 82116
54837 83623
54381 83920
54002 84165
52697 84988
52582 85059
49582 86842
48803 87282
48618 87385
48413 87499
48138 87651
46944 88296
46782 88382
46650 88452
46431 88567
45755 88918
45492 89053
45076 89264
44204 89699
43958 89820
43238 90169
42892 90334
42002 90751
41733 90875
40688 91348
40503 91430
40383 91483
39773 91750
39278 91963
38381 92341
38187 92421
37956 92516
37616 92655
36508 93097
34303 93932
33995 94044
33574 94195
33060 94377
32619 94530
32234 94662
31248 94992
31074 95049
30909 95103
30431 95257
30075 95370
29605 95517
29381 95586
28353 95896
28200 95941
28033 95990
27712 96083
27556 96128
26931 96305
26781 96347
26690 96372
25235 96763
24536 96943
24077 97058
23674 97157
23608 97173
23360 97233
23147 97284
22693 97391
21221 97722
20685 97837
20567 97862
19864 98007
19551 98070
19115 98156
18893 98199
18662 98243
17941 98377
17332 98486
17202 98509
16035 98706
15642 98769
14777 98902
14224 98983
13370 99102
12215 99251
12073 99268
11755 99306
11320 99357
10660 99430
10105 99488
9997 99499
9855 99513
9313 99565
9045 99590
8671 99623
8041 99676
7712 99702
6731 99773
6303 99801
5789 99832
5582 99844
5017 99874
4512 99898
3897 99924
3023 99954
2343 99972
1658 99986
1179 99993
-447 99999
-756 99997
-1342 99991
-1933 99981
-2092 99978
-2522 99968
-3547 99937
-4218 99911
-4536 99897
-4771 99886
-6206 99807
-6319 99800
-6567 99784
-6909 99761
-8019 99678
-8346 99651
-8582 99631
-9062 99588
-10339 99464
-10549 99442
-10678 99428
-11614 99323
-12217 99251
-12756 99183
-12856 99170
-13730 99053
-14608 98927
-14936 98878
-15855 98735
-16406 98645
-17842 98395
-20008 97978
-22071 97534
-23888 97105
-24513 96949
-24823 96870
-26262 96490
-26774 96349
-27745 96074
-28475 95860
-28700 95793
-30993 95076
-32061 94721
-32138 94695
-32525 94563
-33606 94184
-33760 94129
-34026 94033
-34474 93870
-35699 93411
-36076 93266
-36502 93100
-36665 93036
-36930 92931
-37652 92641
-39542 91850
-39979 91661
-40214 91558
-40434 91461
-41088 91169
-41444 91008
-42660 90444
-43713 89940
-44406 89600
-44683 89462
-44741 89433
-45020 89293
-45420 89090
-46150 88714
-46350 88610
-47191 88165
-48219 87607
-48780 87296
-49380 86958
-50492 86317
-52325 85218
-53066 84759
-53884 84241
-54093 84107
-55424 83236
-56017 82838
-57218 82013
-58333 81224
-58572 81052
-58784 80898
-59443 80415
-60286 79785
-60476 79641
-60763 79422
-61243 79053
-62060 78413
-62808 77815
-63220 77481
-64057 76790
-64305 76583
-65369 75677
-65877 75235
-66403 74771
-67519 73765
-67580 73709
-68663 72701
-69584 71820
-71405 70010
-71870 69533
-72177 69214
-72560 68812
-72791 68568
-73036 68307
-73294 68030
-73345 67975
-73983 67280
-74447 66766
-74489 66719
-75011 66132
-76358 64572
-76782 64067
-76846 63990
-77119 63661
-77272 63475
-77419 63296
-77473 63230
-77729 62915
-78050 62516
-78147 62395
-78764 61614
-79054 61242
-79158 61107
-79382 60816
-79678 60428
-79918 60110
-80055 59927
-80481 59354
-80603 59188
-80790 58933
-81426 58051
-81916 57357
-81988 57254
-82353 56728
-82671 56263
-83195 55486
-83290 55343
-83512 55008
-84896 52846
-85008 52666
-85108 52505
-85532 51811
-86156 50766
-86280 50556
-86383 50379
-87135 49067
-87196 48959
-87219 48918
-87405 48585
-87619 48197
-87701 48048
-87823 47825
-88287 46963
-88453 46649
-88829 45930
-89104 45394
-89520 44568
-90052 43482
-90207 43160
-90266 43037
-90575 42383
-90604 42321
-90646 42231
-90853 41783
-91106 41229
-91604 40110
-92181 38766
-92452 38115
-93491 35490
-93570 35281
-93673 35007
-93837 34565
-93989 34149
-94009 34094
-94156 33686
-94198 33569
-94405 32982
-94842 31704
-94885 31575
-94929 31442
-95007 31206
-95170 30704
-95578 29410
-95827 28589
-95904 28330
-96052 27824
-96473 26327
-96573 25957
-96658 25639
-96746 25305
-96785 25155
-96890 24747
-96951 24508
-96981 24389
-97392 22693
-97451 22438
-97570 21914
-97602 21772
-97648 21564
-97741 21139
-97759 21056
-97904 20371
-97913 20328
-98078 19516
-98120 19303
-98209 18845
-98271 18518
-98328 18215
-98347 18112
-98380 17932
-98553 16954
-98627 16519
-98680 16200
-98747 15785
-98770 15640
-99016 14000
-99032 13887
-99185 12748
-99202 12615
-99216 12504
-99262 12132
-99386 11073
-99412 10836
-99420 10762
-99470 10288
-99497 10025
-99659 8263
-99684 7954
-99765 6864
-99808 6208
-99814 6112
-99875 5017
-99896 4579
-99920 4012
-99952 3129
-99954 3064
-99960 2862
-99979 2073
-99998 742
-99999 587
