1000 40
-99999 -616
-99993 -1240
-99989 -1527
-99975 -2271
-99957 -2954
-99925 -3887
-99904 -4397
-99880 -4918
-99838 -5707
-99790 -6493
-99763 -6893
-99743 -7178
-99729 -7370
-99713 -7584
-99668 -8152
-99648 -8393
-99603 -8909
-99469 -10298
-99241 -12305
-99167 -12888
-99114 -13288
-99085 -13504
-98973 -14302
-98803 -15433
-98452 -17532
-98349 -18101
-98334 -18183
-98245 -18658
-98159 -19106
-98095 -19432
-97665 -21488
-97624 -21674
-97598 -21790
-97467 -22369
-97342 -22907
-97250 -23294
-96875 -24807
-96818 -25029
-96660 -25632
-96406 -26572
-96330 -26847
-96299 -26958
-96238 -27174
-96186 -27358
-96184 -27365
-96056 -27810
-95959 -28143
-95940 -28208
-95720 -28945
-95491 -29693
-95405 -29967
-95383 -30037
-94985 -31273
-94632 -32326
-94605 -32405
-94526 -32635
-94340 -33169
-94157 -33685
-93245 -36133
-92917 -36968
-92765 -37348
-92742 -37405
-92506 -37985
-92299 -38484
-92078 -39010
-91907 -39412
-91440 -40483
-90806 -41886
-90716 -42081
-90662 -42197
-90104 -43376
-89963 -43668
-89677 -44252
-89532 -44545
-89352 -44905
-89011 -45577
-88992 -45614
-88763 -46058
-88582 -46405
-88043 -47420
-87608 -48219
-87496 -48422
-87372 -48645
-86927 -49435
-86678 -49871
-86503 -50174
-86332 -50468
-86173 -50739
-85806 -51357
-85550 -51782
-85099 -52520
-84245 -53879
-84004 -54254
-83429 -55134
-83337 -55273
-83159 -55541
-83147 -55559
-82307 -56796
-82181 -56978
-81898 -57384
-81219 -58341
-80993 -58655
-80741 -59001
-80592 -59204
-80272 -59637
-79964 -60050
-79411 -60779
-79243 -60998
-79128 -61147
-79097 -61187
-78747 -61637
-78315 -62185
-78127 -62421
-77788 -62843
-76982 -63828
-76543 -64354
-76400 -64523
-76011 -64981
-75675 -65372
-75530 -65540
-75147 -65978
-74942 -66211
-74429 -66787
-74331 -66896
-73175 -68159
-72832 -68525
-72535 -68840
-71879 -69524
-71437 -69978
-71202 -70217
-70920 -70502
-70458 -70964
-70136 -71282
-69795 -71616
-69470 -71931
-69060 -72325
-68347 -72999
-67302 -73964
-66393 -74781
-66075 -75062
-65913 -75204
-65712 -75380
-65003 -75992
-64596 -76338
-63303 -77414
-62506 -78059
-62312 -78214
-62103 -78380
-61739 -78667
-61395 -78936
-61377 -78950
-61033 -79216
-60762 -79424
-60403 -79697
-59589 -80308
-59505 -80370
-58380 -81191
-58281 -81262
-58049 -81428
-57739 -81648
-57478 -81832
-55400 -83253
-55322 -83305
-54007 -84163
-53163 -84699
-52491 -85117
-52346 -85206
-51866 -85499
-51701 -85599
-51515 -85711
-51417 -85770
-51235 -85879
-49737 -86755
-49058 -87141
-48692 -87346
-48358 -87531
-48271 -87579
-47762 -87858
-47336 -88088
-47183 -88170
-46990 -88273
-46634 -88462
-46336 -88618
-45713 -88941
-45507 -89047
-45395 -89104
-44563 -89523
-43989 -89806
-43854 -89872
-43177 -90199
-42548 -90498
-41932 -90785
-41791 -90850
-41099 -91165
-40411 -91472
-38712 -92204
-38152 -92437
-37053 -92883
-35792 -93376
-34928 -93703
-34623 -93816
-34258 -93950
-33827 -94106
-32701 -94503
-32297 -94642
-31952 -94759
-31860 -94790
-30437 -95256
-30019 -95389
-29622 -95513
-29385 -95586
-28503 -95853
-28239 -95931
-28037 -95990
-27724 -96081
-27047 -96274
-26911 -96312
-26652 -96384
-26276 -96487
-26181 -96513
-24889 -96854
-24482 -96958
-24038 -97069
-23378 -97230
-23030 -97313
-21466 -97670
-21342 -97697
-21107 -97748
-20729 -97829
-20419 -97894
-19531 -98075
-17789 -98406
-17454 -98466
-17089 -98530
-16892 -98564
-16751 -98588
-16388 -98649
-16322 -98660
-16096 -98697
-15375 -98812
-14670 -98919
-14377 -98962
-14057 -99008
-13901 -99030
-13744 -99052
-13621 -99069
-13468 -99090
-12482 -99219
-12246 -99248
-11752 -99308
-11642 -99321
-11434 -99345
-10538 -99444
-9486 -99550
-8627 -99628
-7980 -99682
-7328 -99732
-7220 -99740
-6866 -99765
-6659 -99779
-6158 -99811
-6030 -99819
-4666 -99892
-3846 -99927
-2519 -99969
-2275 -99975
-2094 -99979
-2042 -99980
-1253 -99993
-1179 -99994
-950 -99996
-689 -99998
604 -99999
761 -99998
1373 -99991
1867 -99983
2270 -99975
2928 -99958
3837 -99927
5289 -99861
5688 -99839
5946 -99824
6240 -99806
6625 -99781
7077 -99750
7394 -99727
7619 -99710
8017 -99679
9078 -99588
9964 -99503
10280 -99471
10854 -99410
11251 -99366
11372 -99352
11869 -99294
14801 -98899
15629 -98772
15942 -98722
16193 -98681
16902 -98562
17531 -98452
17749 -98413
18322 -98308
18338 -98305
19379 -98105
19581 -98065
20192 -97941
20379 -97902
20944 -97783
21954 -97561
24004 -97077
24489 -96956
25179 -96779
26275 -96487
26528 -96418
27211 -96227
27755 -96072
28393 -95885
29008 -95701
29300 -95612
29595 -95521
30519 -95230
30895 -95108
32034 -94731
33383 -94264
34253 -93951
34701 -93787
34929 -93702
35532 -93475
35619 -93442
37080 -92872
37342 -92767
37616 -92656
38214 -92411
38768 -92180
38851 -92145
39226 -91986
39761 -91756
40092 -91612
40270 -91534
40889 -91259
41589 -90942
41672 -90904
41779 -90855
41987 -90759
42110 -90702
42549 -90497
42746 -90404
45063 -89272
45350 -89126
46297 -88638
46370 -88600
46697 -88428
48207 -87614
48428 -87492
49801 -86718
50787 -86144
51744 -85572
52074 -85372
52355 -85200
52484 -85121
54652 -83745
54747 -83683
55292 -83324
55583 -83130
55785 -82995
56134 -82759
56425 -82561
56990 -82172
57071 -82116
57971 -81483
58132 -81368
58514 -81094
59464 -80400
59938 -80047
60676 -79489
60819 -79380
61055 -79198
61301 -79008
61814 -78607
62293 -78228
62471 -78086
63689 -77096
63971 -76862
64653 -76289
65943 -75177
66650 -74551
66950 -74282
68226 -73111
68935 -72443
69623 -71782
69900 -71513
71205 -70213
72346 -69037
72635 -68733
73189 -68143
73385 -67932
73618 -67679
74226 -67011
74264 -66969
74401 -66817
75220 -65894
75971 -65027
76582 -64306
76649 -64226
76979 -63830
77902 -62700
78470 -61988
78653 -61755
78820 -61542
79339 -60872
79418 -60769
79676 -60430
79837 -60217
80027 -59964
81203 -58362
81318 -58202
81815 -57501
82016 -57214
82336 -56752
83795 -54575
83808 -54555
83966 -54311
84105 -54096
84241 -53884
84812 -52981
84906 -52830
84973 -52722
85638 -51635
85882 -51228
85960 -51097
86345 -50444
87227 -48902
87285 -48799
87428 -48542
87542 -48337
87558 -48308
87640 -48159
88063 -47381
88255 -47022
88354 -46836
88383 -46781
88590 -46388
88719 -46141
89725 -44152
90612 -42302
90751 -42003
91143 -41146
91313 -40767
91563 -40202
91613 -40088
91789 -39683
91980 -39239
92383 -38281
92709 -37484
93379 -35782
93493 -35483
93625 -35134
93745 -34811
94373 -33072
94440 -32880
94617 -32367
94793 -31847
94892 -31552
94939 -31410
95039 -31105
95149 -30767
95555 -29483
96065 -27776
96145 -27498
96253 -27118
96855 -24882
96909 -24670
97066 -24046
97899 -20390
97936 -20211
98057 -19616
98180 -18992
98411 -17756
98472 -17415
98504 -17233
98614 -16592
98674 -16231
98781 -15565
98810 -15380
98873 -14971
99126 -13192
99164 -12904
99281 -11970
99325 -11596
99399 -10947
99553 -9443
99566 -9306
99576 -9199
99588 -9068
99608 -8844
99675 -8056
99686 -7917
99743 -7165
99781 -6613
99792 -6447
99827 -5875
99880 -4895
99891 -4662
99917 -4073
99928 -3794
99944 -3341
99968 -2522
99984 -1781
99991 -1337
99997 -734
99999 -443
99996 891
99990 1396
99987 1606
99983 1839
99982 1896
99975 2230
99963 2708
99955 2999
99868 5135
99863 5229
99824 5930
99813 6112
99791 6461
99781 6614
99760 6919
99739 7218
99714 7549
99687 7905
99651 8343
99623 8673
99610 8821
99565 9313
99497 10014
99306 11756
99225 12424
99221 12456
99106 13340
98993 14152
98951 14445
98763 15676
98676 16218
98640 16434
98529 17088
98436 17616
98250 18626
98230 18731
98176 19011
98076 19521
98020 19800
97967 20060
97789 20910
97766 21017
97716 21249
97664 21488
97272 23196
97176 23596
97140 23744
96971 24425
96336 26821
96257 27103
96130 27549
95949 28173
95864 28461
95533 29553
95452 29814
95047 31081
94934 31424
94801 31823
94447 32859
94364 33096
94285 33320
93893 34410
93803 34654
93714 34894
93455 35582
93416 35685
93174 36312
93081 36550
93012 36725
92936 36917
92799 37260
92483 38037
92193 38735
91917 39386
91759 39752
91612 40090
91560 40208
91271 40860
90596 42336
90240 43089
89937 43718
89886 43823
89504 44598
89386 44834
89105 45390
88666 46242
88300 46937
87989 47517
87525 48366
87122 49089
87013 49282
86492 50190
86421 50312
86337 50456
85991 51044
85954 51106
85826 51320
85412 52007
85203 52348
85101 52514
84976 52716
84866 52893
84671 53204
84468 53526
83249 55403
82637 56312
82226 56911
81260 58282
80843 58859
80736 59005
80535 59279
80424 59430
79968 60042
79355 60850
78473 61983
78318 62179
77824 62796
77726 62917
77345 63385
77188 63576
76780 64068
76704 64159
76269 64676
75688 65355
74817 66350
74699 66483
74532 66670
74305 66923
74030 67227
73930 67337
73136 68199
72988 68357
72881 68471
71903 69497
71356 70059
71108 70310
71005 70414
70451 70969
70039 71375
69528 71873
68281 73059
67880 73432
67654 73640
67391 73881
67237 74021
66709 74497
65989 75136
65566 75505
65087 75918
64981 76009
64559 76368
64307 76580
64139 76721
63983 76851
63900 76920
63338 77384
62682 77916
61785 78629
61631 78750
59862 80103
59538 80344
59056 80699
58191 81325
57632 81722
57399 81886
56841 82274
56037 82824
55430 83231
53927 84213
53758 84321
53607 84417
53118 84725
52641 85023
52156 85321
51853 85505
51777 85551
51105 85955
49928 86644
48725 87326
48558 87419
48037 87706
47104 88211
46560 88499
45964 88810
45813 88888
45388 89106
44646 89480
44017 89791
42700 90425
42413 90560
41818 90836
41626 90924
39907 91692
39625 91814
39434 91896
38649 92229
37912 92534
37660 92637
37339 92767
36765 92996
36409 93136
36307 93176
35950 93314
35530 93475
35021 93667
34589 93827
34314 93928
34188 93974
33406 94255
32214 94669
31900 94775
31572 94885
31479 94916
30646 95188
30505 95233
30050 95378
29534 95539
28609 95820
28153 95955
27838 96047
27675 96094
26481 96430
25943 96576
25036 96815
23899 97102
23797 97127
23385 97227
23083 97299
22684 97393
22516 97432
21897 97573
20294 97919
19500 98080
18913 98195
18306 98310
17030 98539
15984 98714
13391 99099
13123 99135
12993 99152
12140 99260
11115 99380
10898 99404
10631 99433
8754 99616
8626 99627
7955 99683
7517 99717
6790 99769
5074 99871
4848 99882
4638 99892
3093 99952
2857 99959
2522 99968
1994 99980
1325 99991
-386 99999
-2757 99962
-3212 99948
-3491 99939
-3974 99921
-4097 99916
-6043 99817
-6580 99783
-6852 99765
-7478 99720
-9019 99592
-9451 99552
-9876 99511
-10358 99462
-10642 99432
-11180 99373
-11977 99280
-12289 99242
-12553 99209
-13288 99113
-13672 99061
-14280 98975
-15194 98839
-15806 98743
-16253 98670
-16496 98630
-16997 98545
-17318 98489
-17352 98483
-17550 98448
-18177 98334
-18605 98254
-19419 98096
-19702 98040
-20067 97966
-20467 97883
-20790 97815
-21093 97750
-21425 97678
-22457 97446
-24540 96942
-24734 96893
-25118 96794
-25462 96704
-25741 96630
-26738 96359
-27714 96083
-28293 95914
-29467 95560
-29955 95408
-30444 95253
-31222 95001
-32162 94687
-32550 94554
-33003 94397
-35879 93342
-36484 93107
-36963 92918
-37715 92615
-39143 92021
-39670 91795
-40117 91600
-40482 91440
-40711 91338
-41386 91034
-41863 90816
-42036 90736
-43910 89844
-44130 89736
-44978 89314
-46141 88719
-47933 87764
-48237 87597
-48476 87465
-48706 87337
-49024 87159
-49272 87019
-49688 86782
-49935 86640
-50032 86584
-50103 86543
-50368 86389
-51309 85834
-53778 84309
-54197 84040
-54984 83527
-55506 83181
-56749 82338
-58348 81213
-58787 80896
-58809 80880
-60079 79941
-60283 79787
-60500 79623
-61519 78838
-61982 78475
-62426 78122
-63264 77445
-64056 76791
-64782 76180
-65545 75524
-66032 75099
-66512 74674
-66764 74449
-67088 74157
-68468 72885
-68888 72488
-69311 72084
-69452 71948
-69886 71526
-70423 70998
-70688 70734
-70743 70679
-72598 68772
-72759 68602
-73482 67827
-73608 67690
-74022 67237
-74052 67204
-74397 66822
-74476 66734
-74635 66556
-74909 66247
-75135 65991
-75228 65885
-75657 65392
-75745 65290
-76150 64817
-76427 64490
-76974 63836
-77107 63675
-77211 63549
-77747 62892
-78360 62127
-78507 61941
-78950 61376
-79693 60408
-80146 59806
-80915 58761
-81213 58349
-81684 57687
-82123 57061
-83274 55367
-83403 55172
-83547 54954
-83802 54565
-84134 54051
-84669 53210
-85379 52063
-85608 51685
-86162 50756
-86360 50419
-86651 49916
-86918 49451
-86973 49354
-87293 48785
-87375 48638
-87458 48489
-88375 46797
-88478 46602
-89027 45545
-89238 45129
-89367 44874
-89607 44392
-89748 44107
-89975 43642
-90933 41608
-91011 41437
-91162 41105
-91203 41014
-91267 40871
-91301 40795
-91697 39897
-91994 39207
-92670 37581
-92802 37254
-92903 37002
-93278 36046
-93339 35888
-93481 35516
-93829 34587
-94026 34048
-94817 31779
-94877 31599
-95041 31102
-95495 29678
-95777 28755
-95821 28608
-95889 28380
-96017 27945
-96073 27751
-96388 26636
-96433 26473
-96555 26025
-96706 25457
-96716 25419
-96771 25209
-96815 25039
-96886 24763
-97091 23948
-97255 23273
-97517 22149
-97769 21009
-97825 20747
-98032 19744
-98097 19420
-98272 18514
-98353 18079
-98435 17628
-98737 15845
-99047 13778
-99183 12763
-99316 11684
-99431 10660
-99448 10501
-99671 8114
-99719 7503
-99734 7298
-99758 6964
-99782 6614
-99841 5649
-99888 4749
-99889 4727
-99911 4241
-99929 3792
-99934 3652
-99966 2628
-99993 1246
-99995 1092
-99999 604
-100000 424
