1000 50
-99999 -569
-99998 -734
-99988 -1610
-99957 -2964
-99943 -3399
-99941 -3461
-99926 -3858
-99887 -4772
-99884 -4834
-99852 -5457
-99821 -5989
-99805 -6257
-99785 -6560
-99729 -7370
-99683 -7968
-99634 -8553
-99612 -8807
-99366 -11251
-99278 -12003
-99223 -12450
-99189 -12717
-98924 -14635
-98835 -15226
-98750 -15769
-98651 -16375
-98266 -18547
-98253 -18616
-98018 -19816
-97899 -20396
-97718 -21245
-97615 -21713
-97492 -22260
-97457 -22412
-97384 -22728
-97344 -22898
-97280 -23169
-97175 -23605
-97000 -24315
-96917 -24644
-96567 -25981
-96441 -26444
-96339 -26814
-96312 -26911
-95757 -28823
-95735 -28896
-95653 -29166
-95059 -31048
-95042 -31100
-94979 -31292
-94887 -31570
-94791 -31857
-94622 -32355
-93887 -34430
-93852 -34525
-93761 -34771
-93598 -35208
-93583 -35248
-93552 -35330
-93456 -35583
-93275 -36055
-93234 -36161
-92857 -37118
-92427 -38176
-92033 -39117
-91206 -41008
-91067 -41316
-90698 -42120
-90391 -42774
-90008 -43575
-89891 -43816
-88984 -45629
-88472 -46615
-88123 -47271
-87988 -47521
-87673 -48100
-87589 -48253
-87343 -48697
-86871 -49534
-86490 -50197
-86277 -50562
-85344 -52121
-84916 -52816
-83757 -54635
-83663 -54779
-83575 -54913
-83470 -55072
-83132 -55581
-82614 -56348
-82431 -56616
-81800 -57524
-81508 -57937
-81224 -58334
-80840 -58865
-80571 -59233
-79658 -60455
-79323 -60894
-78812 -61554
-77493 -63206
-77072 -63719
-76315 -64624
-76276 -64670
-76134 -64837
-74889 -66271
-74550 -66652
-73314 -68009
-72355 -69029
-70929 -70493
-70687 -70736
-70352 -71069
-69781 -71630
-69449 -71952
-67792 -73515
-67307 -73959
-67079 -74166
-66357 -74813
-66225 -74930
-65831 -75276
-65400 -75651
-64766 -76194
-64375 -76525
-63774 -77026
-63463 -77283
-62673 -77925
-62454 -78101
-61763 -78648
-61609 -78769
-61527 -78833
-61356 -78966
-60647 -79512
-58113 -81382
-57865 -81559
-54237 -84015
-54079 -84117
-53595 -84426
-53236 -84653
-52878 -84877
-52669 -85007
-52301 -85234
-51985 -85427
-51131 -85941
-50854 -86105
-50625 -86240
-49923 -86648
-49691 -86781
-49192 -87065
-49063 -87138
-48613 -87390
-47297 -88109
-46815 -88366
-45996 -88795
-45742 -88926
-45619 -88989
-45087 -89260
-44994 -89307
-44444 -89582
-44024 -89789
-43498 -90045
-42105 -90705
-41141 -91146
-40330 -91508
-39505 -91867
-39283 -91962
-38711 -92204
-38392 -92338
-38014 -92494
-37164 -92839
-36782 -92991
-36102 -93257
-35722 -93403
-35393 -93528
-35216 -93595
-34864 -93727
-34414 -93893
-32118 -94703
-31711 -94840
-30870 -95117
-29728 -95480
-29008 -95701
-28418 -95878
-28256 -95926
-27990 -96004
-27561 -96128
-27192 -96233
-26349 -96467
-26036 -96552
-25883 -96593
-25370 -96729
-24917 -96847
-23854 -97114
-23707 -97150
-23407 -97223
-21985 -97554
-21443 -97675
-20268 -97925
-19482 -98085
-18547 -98266
-17938 -98379
-17711 -98420
-17373 -98480
-16867 -98568
-16424 -98643
-15968 -98718
-15547 -98785
-15490 -98794
-14835 -98894
-14302 -98973
-13757 -99050
-13605 -99071
-13480 -99088
-12140 -99261
-10540 -99444
-10214 -99478
-9498 -99549
-8945 -99600
-7475 -99721
-6655 -99779
-6274 -99804
-5208 -99865
-4938 -99879
-4853 -99883
-4639 -99893
-4146 -99915
-3895 -99925
-3793 -99929
-2997 -99956
-2568 -99968
-1605 -99988
-1537 -99989
-775 -99998
-403 -100000
355 -100000
732 -99998
867 -99997
1088 -99995
1600 -99988
1721 -99986
1896 -99983
1995 -99981
2997 -99956
4045 -99919
4957 -99878
5018 -99875
5382 -99856
6240 -99806
6549 -99786
7410 -99726
7852 -99692
8452 -99643
8743 -99618
9344 -99563
9472 -99551
9681 -99531
10698 -99427
10790 -99417
10854 -99410
11709 -99313
12124 -99263
13138 -99134
13443 -99093
17733 -98416
18984 -98182
19150 -98150
19338 -98113
19808 -98019
20804 -97813
21377 -97689
21668 -97625
22163 -97514
22697 -97391
23514 -97197
24749 -96890
25275 -96754
26013 -96558
26921 -96309
28488 -95857
28868 -95743
29021 -95697
29294 -95614
30537 -95224
30972 -95083
31247 -94993
32591 -94541
33544 -94207
34100 -94007
35718 -93404
35846 -93355
36093 -93260
36412 -93136
36826 -92973
37372 -92755
37830 -92569
38212 -92412
38414 -92328
38498 -92293
40336 -91505
43383 -90100
44160 -89722
44624 -89492
44997 -89305
45452 -89074
46059 -88762
46685 -88434
47656 -87915
48360 -87529
48494 -87455
49028 -87157
49152 -87087
49237 -87039
49341 -86980
53871 -84250
54173 -84056
54562 -83804
54953 -83548
55868 -82939
56397 -82580
56850 -82269
57392 -81892
57645 -81714
58751 -80922
59045 -80708
59255 -80554
59989 -80009
60247 -79815
60457 -79656
61273 -79030
62107 -78376
62356 -78178
63005 -77656
63058 -77613
63368 -77360
64135 -76725
64197 -76673
64864 -76110
65197 -75825
65624 -75456
67148 -74103
67631 -73662
67829 -73480
68220 -73117
68731 -72637
68788 -72583
69059 -72325
69218 -72173
69272 -72121
72708 -68656
72971 -68376
73460 -67851
73944 -67323
74573 -66625
74797 -66374
75217 -65897
76710 -64153
76887 -63941
77345 -63386
78714 -61678
78761 -61618
80115 -59847
80494 -59336
80558 -59249
81303 -58223
81813 -57504
82039 -57181
82648 -56297
82910 -55910
83362 -55234
83986 -54281
84078 -54138
84186 -53970
84323 -53756
85143 -52447
85180 -52387
85333 -52138
85435 -51970
85807 -51354
86160 -50759
86526 -50133
86738 -49765
86806 -49646
86932 -49425
87066 -49189
87278 -48812
87817 -47835
87964 -47564
88232 -47065
88310 -46919
88556 -46453
88734 -46112
89026 -45546
89633 -44339
89737 -44128
89861 -43875
89937 -43719
90319 -42924
90502 -42537
90807 -41882
91179 -41066
91219 -40977
91297 -40803
91828 -39593
91993 -39209
92987 -36789
93025 -36693
93104 -36492
93641 -35090
93863 -34493
93995 -34132
94218 -33511
94385 -33037
94392 -33017
94650 -32270
94702 -32117
94739 -32008
94810 -31797
94975 -31301
95027 -31142
95111 -30885
95374 -30064
95470 -29757
95682 -29068
95720 -28943
95767 -28787
95885 -28391
96129 -27554
96443 -26433
96498 -26233
96667 -25603
96830 -24979
96848 -24909
97271 -23202
97636 -21615
97678 -21425
97736 -21158
97816 -20785
97945 -20167
97987 -19963
98207 -18850
98261 -18567
98385 -17899
98405 -17789
98647 -16395
98772 -15622
98794 -15483
98849 -15129
98994 -14149
99003 -14085
99126 -13192
99186 -12734
99208 -12560
99239 -12310
99371 -11198
99510 -9888
99528 -9705
99552 -9454
99554 -9433
99606 -8866
99622 -8687
99705 -7676
99721 -7465
99788 -6508
99810 -6160
99878 -4934
99890 -4688
99916 -4096
99927 -3819
99950 -3161
99957 -2923
99960 -2819
99983 -1819
99990 -1408
99992 -1250
99996 889
99989 1481
99984 1776
99976 2185
99962 2745
99947 3253
99933 3657
99911 4211
99870 5097
99858 5325
99825 5912
99791 6456
99766 6835
99700 7737
99642 8453
99605 8878
99548 9495
99515 9836
99490 10086
99415 10798
99400 10936
99256 12174
99203 12598
99149 13016
99134 13130
99118 13251
99092 13445
99073 13582
99029 13898
98978 14259
98763 15679
98691 16126
98638 16447
98579 16797
98557 16925
98492 17300
98372 17968
98315 18279
98288 18424
98099 19404
98041 19695
97981 19992
97945 20167
97902 20374
97816 20782
97782 20941
97606 21749
97365 22803
97333 22940
97269 23210
97152 23694
97073 24016
96984 24373
96773 25196
96628 25749
96242 27156
95574 29420
95450 29821
95279 30361
94992 31249
94952 31370
94819 31769
94456 32833
94269 33366
94111 33810
93964 34216
93897 34399
93588 35231
93459 35572
93410 35701
93011 36727
92805 37244
92719 37458
92618 37707
92554 37864
92404 38229
92213 38687
92156 38822
91957 39292
91863 39511
91717 39849
91664 39971
91510 40322
91454 40449
91187 41047
91058 41332
90859 41768
90351 42856
90198 43177
89514 44578
89399 44808
89225 45153
88698 46180
88286 46963
87927 47632
87675 48094
87573 48280
86827 49609
86433 50292
86270 50571
86044 50954
85724 51491
85694 51541
85189 52372
85095 52524
85009 52663
84599 53319
84034 54205
83633 54822
83103 55622
82900 55924
82643 56303
82359 56718
82269 56848
82102 57089
81459 58003
80746 58992
80385 59482
80116 59844
80069 59907
79821 60237
79548 60597
79202 61049
78823 61538
78494 61957
78225 62296
77990 62590
77767 62867
77435 63275
76706 64157
76504 64398
75986 65008
75493 65580
75156 65966
74242 66993
73853 67422
72095 69298
71860 69542
71575 69835
70433 70987
70147 71269
69747 71661
68945 72433
68654 72709
68537 72819
68018 73304
67170 74082
65021 75975
64121 76736
63958 76872
63805 76999
63317 77401
62698 77903
61825 78598
61313 78998
60301 79773
60123 79907
59760 80179
59275 80538
59164 80620
58944 80781
58703 80956
55923 82901
55672 83070
55134 83427
54454 83873
54300 83973
54095 84105
53941 84204
53542 84458
53317 84600
52689 84993
51857 85503
51418 85768
50408 86365
49366 86965
49244 87034
49028 87156
48978 87184
48548 87424
48371 87522
48061 87693
47554 87969
47367 88070
47173 88174
46052 88764
45533 89032
45339 89131
44902 89352
44456 89574
44043 89778
43315 90132
43070 90249
42858 90350
42623 90461
42534 90503
42348 90590
42157 90679
42041 90733
41933 90783
41705 90888
40705 91340
40369 91489
39909 91691
39469 91881
37969 92511
37734 92607
37480 92710
36302 93178
35416 93518
34254 93950
33781 94121
33742 94135
32954 94414
32296 94641
31812 94805
29459 95562
28896 95734
28319 95906
27979 96006
27647 96102
27314 96197
27045 96273
25928 96580
24768 96884
24584 96931
24393 96979
23781 97131
23058 97305
22702 97389
22083 97531
21714 97614
20822 97808
18440 98285
17733 98415
16804 98578
15985 98714
15557 98782
15404 98806
15244 98831
15128 98849
14287 98974
13887 99031
12955 99157
12909 99163
12693 99191
12536 99211
12425 99225
11612 99323
10944 99399
10232 99475
10135 99485
8321 99653
7422 99724
6921 99760
6606 99781
6253 99804
5736 99835
5432 99852
5071 99871
4854 99882
4619 99893
2676 99964
2142 99977
1773 99984
1063 99994
854 99996
-1254 99992
-2642 99965
-3057 99953
-3861 99925
-5742 99835
-6222 99806
-6415 99794
-7215 99739
-8248 99659
-9046 99590
-9560 99542
-10331 99465
-11564 99329
-11667 99317
-12568 99207
-13177 99128
-15042 98862
-16076 98699
-16279 98666
-16971 98549
-17828 98398
-17969 98372
-19526 98075
-19786 98023
-20428 97891
-20685 97837
-23560 97185
-24584 96931
-24651 96914
-25187 96776
-25272 96754
-25470 96702
-26044 96549
-26658 96381
-26835 96332
-27396 96174
-28438 95871
-29101 95672
-29350 95596
-29687 95492
-29946 95411
-30209 95328
-32159 94688
-32247 94658
-33154 94344
-33319 94286
-34154 93987
-34520 93853
-34623 93815
-34769 93761
-35003 93674
-36210 93214
-36788 92987
-37096 92865
-37224 92814
-37802 92580
-37900 92540
-38454 92311
-38538 92276
-38792 92169
-38882 92131
-40191 91568
-40414 91470
-40718 91335
-43134 90219
-44004 89798
-44484 89561
-44695 89456
-45725 88934
-47142 88191
-47347 88081
-47971 87743
-48304 87560
-48849 87257
-49121 87104
-49420 86935
-50210 86481
-50503 86310
-51792 85543
-52492 85115
-52761 84949
-53199 84675
-53334 84590
-53574 84438
-53735 84336
-53859 84257
-54135 84080
-54838 83623
-54931 83562
-55628 83100
-56001 82849
-56193 82719
-56448 82545
-57010 82158
-57278 81971
-58664 80985
-59109 80661
-60591 79554
-60991 79247
-61382 78945
-61730 78673
-61893 78545
-62622 77965
-62774 77843
-63190 77505
-63443 77298
-63695 77091
-64363 76534
-65492 75570
-65887 75226
-66175 74973
-66483 74700
-67138 74112
-67382 73890
-67653 73642
-68263 73077
-68589 72771
-68931 72447
-69187 72203
-69267 72126
-69459 71941
-69637 71769
-70043 71373
-70671 70751
-71020 70400
-71291 70126
-71624 69786
-71818 69586
-72603 68767
-72722 68641
-72978 68369
-73061 68280
-73420 67894
-73654 67640
-75125 66002
-75461 65618
-75533 65535
-76261 64686
-76918 63904
-77157 63615
-77313 63425
-77802 62824
-78190 62341
-78348 62142
-78528 61915
-78752 61630
-78924 61409
-79202 61050
-79464 60709
-79767 60310
-79880 60160
-80109 59855
-80415 59443
-80793 58928
-80997 58648
-81624 57772
-82159 57009
-82228 56909
-82414 56639
-82576 56403
-82719 56193
-82852 55997
-82942 55863
-83162 55535
-83503 55021
-83674 54761
-83752 54642
-84066 54157
-84119 54075
-84688 53179
-85110 52501
-85490 51880
-86018 51000
-86310 50504
-86581 50038
-86603 50000
-86906 49472
-87056 49207
-87187 48975
-87332 48716
-87430 48540
-87635 48168
-87716 48020
-87864 47749
-88252 47029
-88339 46865
-88718 46144
-89687 44231
-89966 43660
-90070 43445
-90277 43014
-90402 42750
-90571 42391
-90605 42318
-90988 41489
-91423 40521
-91493 40363
-91892 39446
-92173 38785
-92299 38484
-92404 38231
-92552 37872
-92668 37587
-92925 36947
-93271 36065
-93437 35632
-93462 35566
-93610 35175
-94042 34003
-94225 33493
-94469 32799
-94756 31960
-94957 31358
-95291 30327
-95391 30011
-95513 29621
-95606 29320
-95753 28836
-95974 28092
-96083 27716
-96456 26389
-96635 25726
-96755 25270
-96829 24985
-96892 24739
-96939 24555
-96952 24504
-97138 23757
-97213 23448
-97258 23260
-97307 23054
-97601 21775
-97660 21509
-98018 19814
-98064 19586
-98068 19566
-98107 19369
-98311 18303
-98445 17571
-98489 17323
-98558 16926
-98681 16193
-98760 15704
-98798 15462
-98805 15417
-98839 15198
-98879 14936
-98906 14757
-99018 13982
-99194 12677
-99244 12279
-99671 8111
-99676 8049
-99831 5827
-99841 5653
-99851 5472
-99874 5026
-99916 4115
-99943 3397
-99975 2277
-99980 2043
-99989 1524
-99991 1401
