99 69
-99999 -511
-99998 -704
-99694 -7827
-97628 -21653
-96532 -26109
-95683 -29068
-95604 -29327
-95333 -30197
-94390 -33026
-93663 -35034
-89230 -45145
-88157 -47207
-84909 -52827
-84336 -53737
-83533 -54976
-79833 -60223
-79323 -60893
-76198 -64761
-75696 -65347
-74794 -66378
-67390 -73883
-59154 -80628
-50286 -86438
-43722 -89936
-20218 -97936
-16957 -98552
5092 -99871
27523 -96138
28366 -95893
39226 -91986
41986 -90759
44229 -89687
47965 -87746
59084 -80679
59651 -80261
61283 -79022
64501 -76417
67768 -73535
76294 -64647
77021 -63779
78619 -61799
93897 -34398
95135 -30809
96128 -27557
98723 -15927
99879 -4907
99934 -3614
99721 7456
99329 11559
99096 13410
99059 13686
98591 16722
97809 20817
91306 40781
82661 56276
79842 60209
79746 60336
78108 62442
77881 62725
73635 67659
71282 70134
61736 78667
57240 81997
36434 93126
32508 94568
21578 97644
5092 99870
3279 99946
1215 99992
-17188 98511
-23302 97247
-24132 97044
-26421 96446
-29625 95511
-31517 94903
-32511 94567
-35813 93367
-44081 89760
-44793 89407
-50070 86562
-55988 82857
-58107 81386
-61204 79082
-62049 78422
-67751 73551
-68444 72907
-68977 72403
-80120 59839
-84592 53332
-85840 51298
-86522 50140
-88046 47413
-90165 43248
-91498 40351
-92151 38835
-95656 29154
-97018 24238
-99758 6964
-99941 3454
