100 100
-99990 -1440
-99479 -10203
-97709 -21284
-97042 -24144
-94178 -33626
-92144 -38853
-90337 -42888
-88565 -46436
-82545 -56448
-82088 -57112
-79241 -61000
-74743 -66436
-71625 -69785
-70900 -70522
-70015 -71400
-67477 -73804
-64539 -76386
-49557 -86858
-46685 -88434
-30940 -95094
-26367 -96462
-22765 -97375
-21754 -97606
-20929 -97786
-11556 -99331
-1676 -99986
11903 -99290
13229 -99122
13939 -99024
24696 -96903
31233 -94998
35520 -93479
38425 -92323
52819 -84913
53057 -84764
64232 -76644
65987 -75138
74193 -67048
79555 -60588
81139 -58451
82793 -56082
85450 -51945
85581 -51729
87059 -49200
89934 -43724
91388 -40598
96100 -27653
96256 -27104
97481 -22303
99173 -12833
99620 -8702
99696 -7781
99848 -5505
99983 1802
99977 2105
99562 9346
99171 12844
93071 36573
92115 38920
91146 41138
83151 55550
77795 62831
74538 66663
69057 72326
66752 74458
66371 74798
61163 79114
54243 84009
52154 85322
49911 86653
44892 89356
34017 94036
31769 94819
29701 95487
27129 96249
22131 97520
20200 97938
15384 98809
6574 99783
1201 99992
62 99999
-3339 99944
-5270 99861
-6468 99790
-23470 97207
-31945 94760
-37210 92819
-45315 89143
-48064 87692
-53893 84235
-65795 75306
-68814 72558
-82474 56551
-85756 51438
-89185 45233
-93279 36044
-96556 26020
-99832 5808
-99887 4756
-99998 718
