500 400
-99998 -773
-99972 -2391
-99966 -2640
-99958 -2927
-99955 -3032
-99905 -4379
-99900 -4492
-99700 -7750
-99603 -8911
-99566 -9316
-99507 -9927
-99357 -11326
-99351 -11378
-99153 -12996
-99062 -13670
-98932 -14580
-98836 -15218
-98204 -18872
-97858 -20591
-97700 -21327
-97593 -21813
-97563 -21947
-97492 -22259
-97379 -22747
-96399 -26597
-95703 -29001
-95436 -29869
-94685 -32171
-94192 -33586
-94066 -33938
-93647 -35077
-93162 -36346
-93018 -36713
-92760 -37360
-92718 -37464
-91208 -41003
-91093 -41258
-91051 -41351
-90445 -42659
-89936 -43722
-89368 -44873
-88296 -46947
-87758 -47945
-86575 -50049
-86195 -50701
-86058 -50934
-85508 -51851
-85364 -52088
-84605 -53312
-84550 -53399
-83996 -54267
-83569 -54922
-82920 -55897
-79079 -61210
-77436 -63276
-76534 -64364
-75585 -65476
-70134 -71284
-69410 -71989
-69174 -72216
-68829 -72545
-68693 -72674
-68527 -72830
-67522 -73763
-67199 -74057
-65977 -75148
-65134 -75880
-63799 -77006
-62044 -78427
-61302 -79008
-60622 -79531
-59776 -80169
-59210 -80588
-59012 -80733
-58146 -81359
-57889 -81542
-56664 -82398
-55980 -82864
-54503 -83843
-53725 -84343
-53146 -84709
-52879 -84876
-51151 -85929
-50930 -86060
-50713 -86188
-50132 -86527
-49355 -86973
-46621 -88468
-46305 -88634
-46198 -88690
-45477 -89062
-45188 -89209
-42283 -90622
-40413 -91471
-38311 -92371
-37963 -92515
-37804 -92580
-35805 -93371
-35638 -93435
-35425 -93516
-33439 -94244
-31103 -95041
-30869 -95117
-30426 -95260
-28414 -95879
-27533 -96136
-25275 -96754
-24721 -96897
-24078 -97059
-22504 -97436
-21965 -97559
-20321 -97914
-19272 -98126
-15255 -98830
-15032 -98864
-13548 -99079
-11640 -99321
-11563 -99330
-10898 -99405
-10471 -99451
-8381 -99649
-6975 -99757
-5336 -99858
-4815 -99885
-2296 -99974
-2207 -99976
-1956 -99981
2996 -99956
3462 -99941
4018 -99920
6802 -99769
7541 -99716
7927 -99686
8064 -99675
8609 -99629
9781 -99521
11098 -99383
11598 -99326
13316 -99110
14465 -98949
19020 -98175
20934 -97785
23327 -97242
24060 -97063
24309 -97001
26447 -96440
28047 -95987
28299 -95913
28472 -95862
32474 -94581
32572 -94547
33338 -94280
35716 -93405
36082 -93264
36717 -93016
38981 -92090
39427 -91900
40466 -91447
41462 -91000
42318 -90605
44662 -89473
45966 -88810
46579 -88490
46748 -88401
48315 -87554
49207 -87056
50159 -86511
50266 -86449
51812 -85531
52697 -84989
56175 -82731
58287 -81257
59027 -80721
60951 -79278
62974 -77681
63320 -77399
65973 -75151
66150 -74995
70595 -70827
73530 -67774
74377 -66844
76489 -64416
77223 -63535
79227 -61017
79358 -60847
79697 -60402
79826 -60232
80422 -59434
80605 -59185
81601 -57804
81880 -57408
83845 -54498
83969 -54307
84235 -53893
85106 -52507
85127 -52473
85657 -51603
86449 -50265
86617 -49975
87798 -47870
89223 -45159
90336 -42888
90524 -42490
90569 -42394
90631 -42261
90889 -41704
91639 -40028
92147 -38845
93169 -36326
93512 -35432
94070 -33924
94294 -33297
94530 -32620
94579 -32478
94611 -32385
95775 -28759
95872 -28434
95967 -28113
96251 -27124
96397 -26601
96912 -24659
97131 -23781
97298 -23088
97437 -22495
98013 -19834
98082 -19488
98172 -19032
98330 -18198
98929 -14596
99279 -11984
99345 -11426
99506 -9927
99584 -9108
99736 -7261
99901 -4442
99932 -3681
99940 -3461
99983 -1843
99999 436
99917 4060
99816 6063
99782 6597
99644 8427
99619 8717
99340 11466
99312 11702
99201 12613
98899 14795
98792 15493
98662 16299
98438 17603
98228 18739
97776 20971
97484 22290
96911 24661
96213 27258
96189 27343
95618 29277
95532 29557
95369 30078
95287 30337
94852 31671
94302 33271
93967 34207
93647 35074
92622 37698
91300 40795
90646 42228
89659 44286
88026 47449
87600 48231
87123 49087
86903 49475
86176 50731
85666 51587
84323 53754
83640 54811
82649 56294
82547 56444
82449 56587
82281 56831
81599 57805
79981 60025
79673 60432
79244 60994
78185 62346
77917 62681
77003 63800
76767 64084
76450 64462
75400 65687
74909 66246
74230 67006
73326 67994
72548 68824
72268 69117
71700 69707
71238 70179
70870 70550
69482 71918
67113 74133
65994 75131
65541 75527
64364 76532
63179 77513
62099 78381
61407 78925
61273 79029
60749 79432
60384 79710
58894 80817
58721 80943
58282 81260
57172 82044
56067 82803
55825 82966
54824 83632
54182 84049
53561 84446
52285 85242
50978 86030
50575 86267
48334 87543
47729 87874
47508 87994
46619 88468
45112 89246
42576 90483
41953 90774
40918 91245
40370 91489
39734 91767
38551 92270
37930 92527
37359 92759
36856 92960
35616 93442
34210 93966
33851 94096
32735 94490
32496 94572
31703 94841
31018 95067
30618 95197
28815 95758
27328 96193
26331 96471
23603 97174
23512 97196
22503 97435
21041 97761
18942 98189
18197 98330
12295 99241
11423 99345
11282 99361
10781 99417
10163 99482
10113 99487
8149 99667
7904 99687
7608 99710
6922 99760
6644 99779
5994 99820
5075 99871
3281 99946
3064 99953
2487 99969
2044 99979
1507 99988
316 99999
-1887 99982
-3732 99930
-4123 99915
-5671 99839
-7678 99704
-8697 99621
-9595 99538
-12577 99206
-12817 99175
-15513 98789
-16108 98694
-16508 98628
-16900 98561
-17300 98492
-18563 98262
-19125 98154
-19506 98079
-20341 97909
-21663 97625
-21949 97561
-24755 96887
-26791 96344
-27578 96122
-28028 95992
-28182 95947
-29391 95583
-31328 94966
-31996 94743
-32532 94560
-32833 94456
-33860 94093
-34664 93800
-36037 93281
-37919 92532
-39447 91891
-41271 91086
-43369 90106
-43517 90035
-43637 89977
-43938 89830
-45778 88907
-51285 85848
-51637 85637
-52724 84972
-53598 84423
-54115 84093
-54498 83845
-54762 83673
-56451 82543
-58192 81325
-59006 80736
-59493 80378
-59566 80324
-59764 80177
-60480 79638
-61094 79168
-62688 77912
-64939 76046
-65211 75813
-65638 75443
-67079 74165
-67972 73347
-68943 72436
-69191 72199
-69765 71644
-71659 69750
-72133 69260
-72622 68747
-73237 68091
-74756 66420
-75008 66135
-78611 61809
-79536 60613
-79729 60360
-80273 59635
-81982 57262
-82194 56958
-82878 55958
-84214 53927
-85331 52141
-85442 51959
-85884 51225
-85987 51052
-86552 50089
-87860 47757
-88176 47171
-89022 45554
-89262 45081
-89506 44595
-90180 43217
-90419 42713
-91224 40967
-91500 40346
-91598 40124
-91619 40076
-92048 39080
-92185 38756
-92223 38666
-92655 37618
-93480 35519
-93887 34429
-94427 32917
-94725 32050
-95092 30945
-95138 30804
-95634 29226
-95755 28828
-95864 28464
-96629 25746
-96974 24416
-97334 22937
-97437 22498
-97623 21677
-97764 21031
-97877 20500
-98185 18970
-98232 18723
-98934 14567
-98991 14175
-99197 12651
-99270 12067
-99320 11649
-99453 10453
-99707 7659
-99736 7271
-99788 6519
-99953 3084
-99997 832
