1000 300
-99998 -766
-99996 -978
-99993 -1243
-99973 -2357
-99969 -2527
-99955 -3029
-99941 -3464
-99929 -3786
-99920 -4018
-99913 -4187
-99880 -4918
-99825 -5929
-99821 -5996
-99793 -6438
-99724 -7431
-99685 -7942
-99664 -8198
-99637 -8524
-99582 -9144
-99369 -11223
-99282 -11969
-99218 -12489
-99208 -12569
-99164 -12910
-99039 -13837
-98964 -14361
-98940 -14527
-98803 -15433
-98679 -16207
-98518 -17158
-98452 -17533
-98202 -18882
-98134 -19234
-97986 -19974
-97937 -20212
-97906 -20362
-97806 -20836
-97730 -21191
-97690 -21373
-97613 -21723
-97449 -22448
-97286 -23143
-97242 -23328
-97181 -23581
-97145 -23729
-97023 -24223
-96953 -24500
-96903 -24697
-96863 -24854
-96712 -25436
-96564 -25993
-96305 -26936
-96265 -27079
-96201 -27305
-95971 -28103
-95901 -28341
-95882 -28405
-95655 -29161
-95355 -30126
-95316 -30250
-95025 -31152
-94824 -31759
-94759 -31952
-94704 -32114
-94564 -32525
-94443 -32874
-94326 -33208
-94268 -33373
-94069 -33930
-93957 -34239
-93844 -34547
-93499 -35469
-93242 -36140
-93034 -36672
-92795 -37273
-92721 -37457
-92509 -37978
-92337 -38394
-92107 -38942
-92096 -38968
-91962 -39283
-91469 -40417
-91205 -41011
-89588 -44432
-89493 -44623
-89200 -45206
-89083 -45436
-88301 -46938
-88138 -47243
-87239 -48883
-87187 -48976
-87130 -49077
-86887 -49506
-86746 -49753
-86146 -50784
-85899 -51201
-85719 -51502
-85574 -51743
-85294 -52203
-85179 -52390
-85023 -52643
-84128 -54062
-84088 -54124
-84006 -54251
-83885 -54438
-83806 -54560
-83714 -54701
-82982 -55805
-82056 -57158
-81451 -58017
-81260 -58284
-81224 -58334
-80708 -59046
-80573 -59230
-80438 -59413
-80084 -59890
-79510 -60650
-79332 -60882
-78766 -61613
-78261 -62253
-77996 -62585
-77361 -63368
-77021 -63781
-76214 -64743
-76164 -64802
-76100 -64877
-76012 -64980
-75057 -66081
-74906 -66252
-74494 -66715
-74384 -66837
-74160 -67085
-74029 -67230
-73365 -67954
-71888 -69515
-71142 -70278
-70838 -70585
-67655 -73641
-66194 -74957
-66062 -75073
-65808 -75296
-65745 -75351
-65514 -75552
-65169 -75850
-63306 -77412
-61740 -78666
-61561 -78806
-60981 -79256
-60903 -79316
-60655 -79506
-60580 -79563
-59905 -80072
-58743 -80929
-58199 -81321
-57020 -82152
-56304 -82644
-55436 -83229
-54858 -83611
-54661 -83740
-54598 -83781
-54311 -83967
-53724 -84344
-53131 -84719
-53061 -84763
-52893 -84868
-52157 -85322
-50808 -86132
-50442 -86347
-50320 -86418
-50239 -86465
-50108 -86541
-49890 -86667
-48726 -87327
-48291 -87568
-47586 -87953
-47092 -88219
-47077 -88227
-46649 -88454
-46081 -88751
-45923 -88833
-45226 -89190
-45022 -89293
-43176 -90200
-43038 -90266
-42300 -90614
-41560 -90956
-41125 -91153
-39589 -91831
-39178 -92007
-38387 -92340
-37851 -92561
-36736 -93009
-36050 -93277
-35845 -93356
-35195 -93603
-34744 -93771
-33393 -94261
-33046 -94383
-32843 -94454
-32124 -94701
-30882 -95113
-30394 -95270
-29444 -95568
-28726 -95786
-26437 -96443
-24363 -96988
-23944 -97092
-23704 -97151
-22356 -97470
-21758 -97605
-21259 -97715
-20696 -97836
-20482 -97881
-20266 -97926
-20111 -97958
-19355 -98110
-19227 -98135
-18278 -98316
-17611 -98438
-17060 -98535
-15362 -98814
-14467 -98949
-13816 -99042
-13453 -99092
-12694 -99192
-12426 -99226
-12232 -99250
-12061 -99271
-11786 -99304
-9977 -99502
-9569 -99542
-9432 -99555
-8957 -99599
-8178 -99666
-7791 -99697
-7452 -99723
-6193 -99809
-6177 -99810
-6030 -99819
-4334 -99907
-3736 -99931
-3431 -99942
-3182 -99950
-2887 -99959
-2436 -99971
-1655 -99987
-1403 -99991
-868 -99997
1175 -99994
1995 -99981
3519 -99939
5174 -99867
5565 -99846
6907 -99762
7572 -99713
8545 -99635
9142 -99582
9153 -99581
9349 -99563
9681 -99531
10431 -99455
11144 -99378
11338 -99356
12197 -99254
12985 -99154
13323 -99109
14600 -98929
15009 -98868
15302 -98823
15501 -98792
15935 -98723
16602 -98613
16954 -98553
17334 -98487
18963 -98186
20409 -97896
21783 -97599
22507 -97435
22757 -97377
22864 -97352
25913 -96585
26265 -96490
26669 -96379
27612 -96113
27834 -96049
28655 -95807
29205 -95641
30100 -95363
30393 -95270
30955 -95089
31611 -94873
32741 -94489
33828 -94105
34243 -93955
34265 -93947
34350 -93916
34988 -93680
35912 -93330
35990 -93300
37837 -92566
40037 -91636
40174 -91576
40530 -91419
42280 -90623
42856 -90352
43250 -90164
43676 -89958
43890 -89854
44135 -89734
44698 -89455
44977 -89315
45252 -89176
46549 -88506
46784 -88382
46948 -88295
47343 -88084
48538 -87431
48971 -87189
49313 -86996
50907 -86073
51240 -85875
51469 -85738
51811 -85532
52592 -85054
53205 -84672
53871 -84250
54698 -83715
55120 -83438
57276 -81973
57741 -81646
58184 -81331
58223 -81303
58616 -81020
58659 -80989
58945 -80781
60175 -79869
60418 -79685
60580 -79562
61669 -78721
62306 -78218
63275 -77436
63636 -77140
63817 -76990
63882 -76936
64217 -76657
64381 -76519
64709 -76242
65147 -75868
65339 -75703
65450 -75607
65624 -75456
65743 -75352
66166 -74981
67038 -74202
67664 -73632
67930 -73387
68932 -72446
69423 -71976
70328 -71092
70429 -70992
71861 -69542
72367 -69015
72670 -68696
72897 -68455
73106 -68232
73327 -67994
73723 -67565
74139 -67108
74482 -66727
74616 -66577
75283 -65822
75428 -65656
75455 -65625
75858 -65158
76174 -64789
76410 -64510
77377 -63347
78137 -62407
78300 -62203
78491 -61961
78595 -61829
78777 -61597
79734 -60353
79897 -60137
80161 -59785
80668 -59099
80701 -59054
80805 -58912
81086 -58524
81718 -57639
82006 -57228
82184 -56972
82563 -56421
82706 -56212
83430 -55132
83799 -54569
83938 -54355
84053 -54177
84678 -53195
85407 -52016
85987 -51052
86466 -50236
86506 -50167
86989 -49325
87183 -48981
87382 -48625
87861 -47754
88121 -47272
88201 -47123
89065 -45468
89718 -44167
90088 -43407
90232 -43107
90294 -42977
90369 -42819
90519 -42501
91046 -41360
91205 -41008
91258 -40890
91483 -40384
91713 -39859
91960 -39286
92028 -39127
92147 -38845
92252 -38595
92341 -38382
92353 -38353
92573 -37818
92650 -37630
92997 -36763
93285 -36027
93539 -35362
93582 -35248
93737 -34834
93820 -34610
93980 -34173
94173 -33637
94615 -32373
94773 -31907
95204 -30598
95379 -30048
95414 -29936
95847 -28519
96005 -27983
96068 -27765
96153 -27470
96409 -26557
96513 -26177
96522 -26144
96798 -25103
96920 -24628
97054 -24094
97179 -23585
97200 -23498
97234 -23356
97279 -23168
97465 -22373
97515 -22154
97594 -21802
97654 -21532
97706 -21296
97907 -20352
97965 -20071
98052 -19642
98198 -18897
98213 -18819
98340 -18144
98527 -17101
98682 -16182
98844 -15162
98862 -15043
98969 -14323
99073 -13585
99202 -12607
99250 -12225
99322 -11625
99526 -9722
99683 -7954
99707 -7645
99709 -7619
99739 -7216
99781 -6609
99807 -6207
99828 -5863
99842 -5616
99851 -5457
99896 -4550
99898 -4505
99913 -4166
99958 -2894
99977 -2144
99982 -1894
99983 -1839
99996 -875
99998 -580
99999 -322
99999 334
99997 765
99993 1163
99970 2433
99955 2992
99941 3432
99927 3819
99907 4311
99867 5152
99840 5650
99824 5927
99808 6191
99718 7501
99709 7623
99663 8200
99644 8425
99600 8933
99595 8989
99527 9714
99438 10586
99433 10633
99379 11124
99330 11552
99182 12761
99141 13077
99129 13168
99089 13466
98726 15908
98705 16039
98673 16235
98636 16459
98601 16667
98577 16809
98473 17405
98432 17637
98401 17808
98358 18045
98109 19352
98058 19610
97753 21078
97630 21641
97489 22268
97410 22611
97372 22774
97334 22936
97281 23160
97105 23887
97009 24274
96887 24756
96790 25133
96712 25431
96635 25722
96618 25786
96511 26184
96335 26824
95935 28221
95869 28444
95691 29037
95582 29394
95419 29919
94896 31539
94793 31846
94704 32109
94627 32336
94612 32380
94293 33298
94032 34028
93831 34579
93755 34784
93566 35290
93147 36381
92986 36791
92941 36904
92811 37230
91949 39311
91832 39583
91105 41228
90678 42160
90377 42801
90319 42924
89616 44372
89571 44463
89006 45583
88710 46157
88594 46379
88542 46478
88282 46970
88153 47212
87821 47827
87718 48016
87419 48558
86710 49813
86472 50225
86380 50383
85819 51333
85603 51692
84735 53103
84436 53577
83857 54479
82034 57187
81969 57280
81920 57350
81371 58127
80977 58674
80416 59441
80365 59510
79336 60875
78757 61622
78380 62101
76864 63967
76391 64532
75740 65295
74688 66495
74517 66687
74360 66862
73919 67349
72785 68573
72617 68751
71707 69700
71448 69965
71402 70012
71287 70129
71157 70261
70811 70610
70167 71250
69653 71752
69299 72094
68811 72560
68596 72763
68493 72860
68411 72937
68268 73071
67740 73561
67238 74020
67001 74235
66493 74690
66057 75076
65685 75402
65549 75520
65346 75696
64897 76081
64856 76116
64336 76556
64255 76624
64024 76817
63222 77478
62180 78317
62007 78454
61803 78615
61649 78736
60553 79582
60286 79784
60147 79889
59978 80016
59396 80449
58934 80788
58846 80852
58072 81410
57056 82125
56177 82729
55994 82853
55837 82959
55588 83126
54966 83538
54704 83710
54343 83945
54244 84009
54157 84065
53745 84329
53446 84519
53205 84671
52537 85087
50609 86248
50194 86490
49967 86621
49553 86859
48348 87535
48232 87599
47831 87819
47039 88245
46736 88406
46476 88543
45533 89032
45390 89105
44714 89446
44584 89511
44449 89578
44046 89777
40566 91402
40222 91554
39828 91726
39390 91915
38721 92199
38393 92336
38127 92446
37626 92651
37572 92673
36957 92920
35802 93371
34916 93706
34752 93767
34350 93915
34218 93963
34030 94031
33139 94349
32712 94498
32384 94611
31449 94926
29966 95404
29704 95486
29656 95501
29485 95554
28958 95715
28085 95975
27800 96058
27304 96200
26881 96319
26382 96457
22097 97528
22026 97544
21740 97608
21601 97639
20176 97943
19525 98075
17447 98466
17133 98521
16819 98575
13473 99088
12802 99177
11496 99337
11167 99374
10873 99407
10405 99457
10084 99490
9140 99581
8832 99609
7557 99714
6908 99761
6716 99774
6125 99812
5325 99858
4876 99881
4530 99897
3483 99939
1246 99992
-439 99999
-614 99998
-1132 99993
-1467 99989
-1946 99981
-3896 99924
-4532 99897
-5325 99858
-5455 99851
-6319 99800
-6351 99798
-6397 99795
-6821 99767
-7121 99746
-7645 99707
-8511 99637
-9916 99507
-10192 99479
-10790 99416
-12263 99245
-12408 99227
-12669 99194
-13657 99063
-13729 99053
-14072 99005
-14730 98909
-15265 98828
-16628 98608
-16950 98553
-17215 98507
-18557 98263
-18965 98185
-20256 97927
-20775 97818
-21195 97728
-21592 97641
-22310 97479
-22907 97341
-24191 97030
-24694 96903
-25261 96757
-25402 96720
-25621 96662
-27227 96222
-29242 95629
-31494 94911
-31608 94873
-32266 94651
-33273 94302
-33773 94124
-34922 93704
-35468 93499
-37323 92774
-37956 92517
-37995 92501
-38160 92433
-38312 92370
-38590 92254
-38944 92105
-39001 92081
-39265 91969
-39882 91703
-40050 91630
-40318 91512
-40565 91403
-40770 91312
-40897 91255
-41349 91051
-41415 91021
-42328 90600
-42548 90497
-43050 90259
-43220 90178
-43684 89954
-44063 89769
-45229 89187
-45347 89127
-46618 88469
-46832 88356
-47125 88200
-47466 88017
-48517 87442
-48630 87379
-49034 87153
-49739 86753
-50959 86042
-51161 85922
-51875 85493
-52149 85326
-52968 84820
-53179 84688
-53804 84292
-54004 84164
-54170 84057
-54613 83770
-54690 83720
-54817 83637
-55043 83488
-55296 83321
-55431 83231
-55994 82853
-56709 82366
-56865 82258
-57354 81918
-58060 81419
-58465 81129
-58862 80841
-59345 80487
-59711 80216
-60044 79967
-60522 79606
-60793 79399
-61173 79107
-61908 78533
-62235 78274
-62327 78201
-62817 77808
-63037 77630
-63564 77199
-63707 77081
-65407 75644
-65831 75275
-66252 74905
-67174 74079
-67688 73610
-67951 73367
-68636 72727
-69404 71994
-69897 71516
-70016 71399
-70201 71217
-70428 70993
-70830 70591
-71087 70333
-73017 68327
-73032 68311
-73655 67639
-75042 66097
-75165 65957
-75751 65283
-76289 64653
-76639 64238
-76769 64083
-77687 62967
-78688 61711
-78751 61631
-79401 60791
-79818 60243
-80221 59705
-80279 59627
-80392 59475
-80717 59033
-80983 58667
-81267 58273
-81389 58103
-82216 56926
-82896 55932
-83077 55663
-83764 54623
-84171 53994
-84648 53243
-84786 53023
-84907 52829
-85041 52613
-85165 52412
-85554 51775
-85765 51424
-85922 51162
-86115 50836
-86294 50532
-86507 50166
-86835 49596
-86880 49517
-86987 49329
-87119 49096
-87310 48755
-87413 48570
-87464 48478
-87960 47572
-88150 47219
-88274 46987
-88632 46309
-89021 45556
-89290 45026
-89956 43681
-90049 43489
-90215 43144
-90330 42902
-90536 42466
-90651 42219
-90814 41868
-91331 40728
-91418 40532
-91574 40179
-91793 39676
-91857 39528
-92222 38668
-92296 38491
-92492 38018
-92539 37903
-92754 37374
-92975 36821
-93115 36466
-93290 36015
-93420 35677
-94027 34045
-94315 33239
-94882 31584
-95080 30982
-95159 30739
-95394 30002
-95519 29602
-95581 29401
-95734 28899
-95827 28589
-95917 28286
-96120 27588
-96257 27106
-96458 26381
-96569 25971
-96822 25013
-97308 23050
-97476 22329
-97682 21409
-97730 21189
-98124 19282
-98463 17469
-98486 17339
-98754 15742
-98807 15406
-98878 14943
-98934 14567
-99014 14011
-99061 13677
-99157 12964
-99227 12416
-99289 11911
-99345 11433
-99377 11152
-99427 10697
-99433 10641
-99456 10425
-99467 10319
-99498 10015
-99511 9886
-99551 9473
-99597 8978
-99684 7954
-99720 7487
-99764 6879
-99833 5791
-99855 5397
-99866 5193
-99872 5076
-99910 4264
-99969 2525
-99970 2486
-99982 1931
-99998 753
