1000 5
-99997 -819
-99992 -1341
-99985 -1772
-99978 -2139
-99967 -2599
-99947 -3283
-99942 -3431
-99912 -4207
-99890 -4710
-99875 -5016
-99838 -5707
-99800 -6336
-99765 -6862
-99723 -7448
-99649 -8381
-99621 -8707
-99500 -9997
-99439 -10587
-99296 -11851
-99251 -12223
-99030 -13899
-98892 -14850
-98801 -15445
-98271 -18520
-98177 -19012
-98154 -19131
-98131 -19249
-98115 -19330
-98024 -19785
-97850 -20630
-97809 -20823
-97790 -20912
-97651 -21551
-97611 -21732
-97273 -23198
-97257 -23265
-96990 -24355
-96772 -25207
-96737 -25340
-96624 -25768
-96528 -26125
-95768 -28787
-95504 -29651
-95383 -30038
-95236 -30500
-95051 -31073
-94974 -31307
-94703 -32118
-94557 -32545
-94395 -33012
-94015 -34079
-93770 -34748
-93675 -35003
-93472 -35541
-93351 -35858
-92903 -37003
-92865 -37099
-92750 -37385
-92547 -37885
-92419 -38196
-92116 -38921
-92039 -39103
-91893 -39444
-91779 -39709
-91653 -39999
-91588 -40147
-91533 -40272
-91399 -40576
-91204 -41013
-90759 -41988
-90527 -42486
-90326 -42912
-89918 -43760
-89818 -43965
-89664 -44278
-89263 -45081
-89211 -45184
-89125 -45354
-88741 -46100
-88404 -46743
-87637 -48166
-87398 -48598
-87080 -49166
-86972 -49357
-86343 -50449
-86194 -50703
-85768 -51420
-85625 -51658
-85541 -51797
-85379 -52064
-85160 -52421
-84956 -52751
-84795 -53010
-84616 -53295
-84236 -53893
-84065 -54160
-83642 -54811
-82349 -56735
-81361 -58143
-81153 -58433
-80122 -59839
-79816 -60246
-79606 -60523
-79188 -61069
-78910 -61428
-78726 -61664
-77712 -62937
-77508 -63188
-76708 -64157
-75823 -65200
-74426 -66791
-74112 -67139
-72607 -68763
-72200 -69191
-71239 -70180
-70986 -70436
-70260 -71160
-70048 -71369
-69221 -72171
-68851 -72524
-68739 -72630
-68359 -72988
-68165 -73169
-67749 -73555
-67699 -73601
-67569 -73720
-67334 -73935
-65753 -75344
-65596 -75481
-65127 -75886
-64736 -76220
-64288 -76598
-63900 -76922
-63515 -77240
-62784 -77835
-62557 -78018
-62343 -78189
-61437 -78903
-60509 -79617
-58976 -80759
-58524 -81087
-58449 -81141
-56023 -82835
-55421 -83239
-55115 -83442
-54037 -84144
-53812 -84288
-53094 -84742
-52285 -85244
-51576 -85674
-51418 -85769
-51173 -85916
-50964 -86040
-49791 -86724
-49551 -86861
-49210 -87055
-48935 -87210
-47964 -87748
-47295 -88110
-47093 -88218
-46962 -88288
-46491 -88537
-46428 -88570
-45634 -88982
-45526 -89037
-45188 -89209
-44695 -89457
-44016 -89793
-43727 -89934
-43226 -90176
-42924 -90320
-41849 -90823
-41526 -90971
-41175 -91131
-40677 -91354
-40045 -91633
-39598 -91827
-39323 -91945
-39253 -91975
-39062 -92056
-38750 -92188
-38614 -92245
-37987 -92505
-37427 -92733
-36568 -93075
-36160 -93234
-35847 -93355
-35782 -93380
-34611 -93820
-34004 -94042
-33551 -94205
-33265 -94306
-32527 -94563
-31326 -94968
-30999 -95075
-30457 -95250
-30388 -95272
-30347 -95285
-29967 -95405
-29391 -95584
-28797 -95765
-28225 -95935
-27000 -96287
-26514 -96422
-25402 -96721
-25014 -96822
-24378 -96984
-24054 -97065
-23559 -97186
-22983 -97324
-22758 -97377
-22225 -97500
-21570 -97647
-20606 -97855
-19537 -98074
-19340 -98113
-18573 -98261
-18178 -98335
-18069 -98355
-17948 -98377
-16822 -98576
-16544 -98623
-15490 -98794
-15304 -98823
-14971 -98874
-14601 -98929
-13371 -99103
-12311 -99240
-12175 -99257
-10670 -99430
-9857 -99514
-9514 -99547
-9066 -99589
-8429 -99645
-8323 -99654
-7879 -99690
-7700 -99704
-6461 -99792
-6058 -99817
-3834 -99927
-3024 -99955
-2639 -99966
-2566 -99968
-1929 -99982
-446 -100000
1991 -99981
2448 -99971
3032 -99955
3574 -99937
3918 -99924
4701 -99890
5804 -99832
5960 -99823
6333 -99800
6683 -99777
7008 -99755
7136 -99746
7879 -99690
8322 -99654
8822 -99611
8966 -99598
9805 -99519
11268 -99364
11836 -99298
12084 -99268
12255 -99247
13743 -99052
13821 -99041
14313 -98971
14896 -98885
14989 -98871
15088 -98856
16614 -98611
17059 -98535
17532 -98452
17583 -98443
18607 -98254
20022 -97976
20976 -97776
21504 -97661
23168 -97280
24130 -97046
24893 -96853
25208 -96771
25564 -96678
25999 -96562
26360 -96464
26593 -96400
26788 -96346
27483 -96150
27905 -96028
28458 -95866
29010 -95700
29241 -95630
29743 -95475
31194 -95011
31647 -94861
32290 -94644
32425 -94598
32890 -94437
33369 -94269
33592 -94190
34166 -93983
34833 -93738
35332 -93551
36046 -93278
36126 -93247
36291 -93183
36542 -93085
36636 -93048
36717 -93016
37134 -92850
37818 -92574
39038 -92066
39376 -91922
40263 -91537
40967 -91224
42002 -90752
42275 -90625
43020 -90274
43796 -89900
44070 -89766
44846 -89381
45451 -89075
46421 -88573
47139 -88193
48464 -87472
49221 -87048
49619 -86822
50559 -86278
52021 -85404
53841 -84269
54069 -84123
54883 -83594
55552 -83151
55691 -83058
56099 -82783
57025 -82148
57127 -82077
57507 -81811
57643 -81715
57876 -81550
58404 -81173
59056 -80700
59591 -80306
59740 -80195
60318 -79761
60380 -79714
61140 -79133
61372 -78953
61920 -78524
62010 -78453
62337 -78193
62510 -78055
62806 -77817
62873 -77763
63241 -77464
64028 -76815
64723 -76230
64926 -76057
65727 -75366
66251 -74906
66918 -74311
67106 -74141
67948 -73370
68478 -72875
68869 -72506
69262 -72131
70181 -71237
70455 -70966
71170 -70249
72027 -69370
72154 -69238
72242 -69146
72446 -68932
73094 -68245
73477 -67832
73751 -67534
73935 -67332
74156 -67089
74305 -66924
74708 -66474
74873 -66288
75213 -65902
75854 -65163
76219 -64736
76275 -64670
76426 -64491
76758 -64096
76960 -63853
77364 -63363
77743 -62897
77815 -62808
78220 -62303
78406 -62069
78609 -61812
78796 -61573
79106 -61174
79401 -60791
79526 -60627
80046 -59939
80228 -59695
80452 -59393
81560 -57862
81899 -57381
82084 -57116
82394 -56668
82484 -56537
82931 -55879
83033 -55728
84129 -54059
84549 -53399
85220 -52322
85258 -52260
85414 -52005
85673 -51577
86090 -50878
86446 -50271
86898 -49485
87250 -48862
87818 -47834
88301 -46936
88577 -46413
88826 -45934
89023 -45551
89907 -43781
90085 -43413
90342 -42876
90714 -42083
90832 -41828
90986 -41492
91367 -40646
91505 -40334
91627 -40056
92079 -39006
92272 -38547
92396 -38249
92890 -37033
93254 -36107
93737 -34834
93836 -34566
94225 -33491
95168 -30709
95478 -29731
95649 -29177
95668 -29115
95697 -29019
95767 -28787
95877 -28418
96299 -26954
96449 -26412
96532 -26107
96584 -25914
96705 -25458
96762 -25241
96917 -24640
97019 -24234
97077 -24001
97135 -23765
97191 -23535
97528 -22097
97542 -22035
97566 -21928
97624 -21669
97738 -21149
97947 -20159
98013 -19835
98051 -19647
98213 -18821
98279 -18473
98372 -17971
98394 -17850
98513 -17181
98583 -16774
98713 -15991
98804 -15418
98836 -15213
98903 -14769
98917 -14675
98938 -14533
98981 -14240
99048 -13763
99076 -13563
99139 -13092
99216 -12497
99256 -12176
99417 -10782
99431 -10652
99563 -9336
99613 -8788
99617 -8744
99700 -7740
99758 -6953
99776 -6688
99812 -6125
99814 -6093
99833 -5776
99875 -4997
99914 -4141
99941 -3421
99988 -1545
99991 -1323
99992 -1245
99995 -988
99997 -764
99998 607
99979 2038
99969 2482
99960 2826
99833 5776
99829 5844
99822 5962
99794 6414
99789 6491
99779 6643
99717 7517
99697 7776
99670 8117
99531 9672
99252 12206
99073 13583
98925 14621
98897 14809
98873 14969
98739 15829
98687 16151
98573 16832
98382 17914
98225 18756
98217 18798
98146 19165
98056 19620
98006 19868
97933 20226
97821 20761
97805 20836
97389 22701
97346 22885
97286 23138
97265 23226
97174 23605
96894 24727
96523 26139
96431 26476
96414 26538
96308 26920
96213 27258
96158 27451
95981 28063
95798 28683
95755 28826
95709 28978
95183 30661
95148 30770
94827 31746
94665 32226
94489 32738
94460 32822
94251 33417
94132 33750
93912 34358
93484 35506
93181 36294
92794 37272
92652 37624
92502 37991
92313 38448
92015 39156
91793 39673
91691 39908
91439 40483
91207 41003
90897 41685
90104 43373
89647 44310
89071 45456
88956 45681
88849 45889
88814 45957
88633 46305
87446 48509
87328 48721
87163 49016
87065 49190
86824 49614
86541 50106
86495 50185
85530 51813
84712 53140
83712 54701
83404 55169
83180 55507
82735 56168
82501 56511
82317 56779
82062 57147
81840 57464
81411 58070
81233 58319
81113 58486
81035 58594
80512 59311
80358 59519
80252 59662
80014 59981
79253 60983
78904 61434
78531 61910
77863 62748
77575 63103
77095 63689
76923 63897
76305 64633
75935 65068
75366 65726
73885 67386
73401 67913
73271 68053
72621 68747
72447 68930
71788 69616
70837 70584
70129 71287
69870 71541
69678 71728
69507 71894
68829 72543
68571 72787
66893 74332
66454 74725
65541 75527
65071 75932
63386 77344
62676 77921
62374 78163
61962 78490
61821 78601
61296 79011
59958 80031
59346 80486
58684 80970
57754 81636
57540 81787
57269 81977
56436 82552
56278 82660
56084 82792
54675 83729
52477 85124
52030 85398
51500 85719
51081 85969
49804 86715
49322 86990
49248 87032
48998 87173
48462 87472
48289 87568
47970 87743
46936 88300
46543 88508
46442 88561
46130 88724
45889 88849
45609 88993
45486 89056
44935 89335
44514 89546
43354 90113
43060 90254
42888 90336
42500 90519
42398 90567
41888 90804
41661 90908
41626 90924
40149 91586
39848 91717
39620 91816
39142 92021
38892 92127
38475 92302
36954 92921
36414 93134
36126 93246
34989 93679
34876 93721
34246 93953
34044 94026
32856 94448
32261 94653
31886 94780
31059 95054
30248 95315
29666 95498
28876 95740
28629 95814
27695 96088
26781 96347
26550 96411
25834 96605
25202 96772
25055 96810
24536 96943
24088 97055
23645 97164
23070 97302
22377 97464
22034 97542
21906 97571
21649 97628
21226 97721
20759 97821
20554 97864
19855 98009
18229 98324
18100 98348
17772 98408
17343 98484
16891 98563
16702 98595
15212 98836
14863 98889
14594 98929
14377 98961
14104 99000
13801 99043
13024 99148
12620 99200
11760 99306
11614 99323
10798 99415
10651 99431
10095 99489
10045 99494
9803 99518
9443 99553
9120 99583
7645 99707
6399 99795
6160 99810
5928 99824
4213 99911
3300 99945
2227 99975
1817 99983
1255 99992
-421 99999
-1163 99993
-1785 99984
-1945 99981
-2183 99976
-2320 99973
-2523 99968
-3221 99948
-3707 99931
-4979 99876
-5174 99866
-5247 99862
-6568 99784
-7176 99742
-7778 99697
-8418 99645
-8821 99610
-9216 99574
-10279 99470
-10910 99403
-11408 99347
-12060 99270
-12432 99224
-12638 99198
-12879 99167
-13355 99104
-15255 98829
-15526 98787
-16170 98684
-16561 98619
-16955 98552
-17128 98522
-17827 98398
-18036 98360
-18499 98274
-18826 98212
-18920 98194
-19647 98051
-19915 97997
-20395 97898
-21232 97720
-21677 97622
-22300 97482
-24166 97036
-24513 96949
-24729 96894
-25842 96603
-26130 96526
-26659 96381
-27128 96250
-27484 96149
-27728 96079
-27835 96048
-31310 94972
-31513 94905
-31916 94770
-32559 94551
-33169 94339
-34378 93905
-34525 93851
-35283 93569
-35420 93517
-35541 93471
-35804 93371
-36364 93154
-36687 93027
-37486 92708
-39070 92052
-39253 91974
-39484 91875
-39625 91814
-40639 91370
-41130 91150
-41303 91072
-42375 90578
-42874 90343
-43224 90176
-43857 89870
-44426 89590
-45137 89234
-46119 88730
-46751 88399
-46902 88319
-47989 87733
-48213 87610
-48485 87460
-48690 87346
-49446 86920
-50764 86157
-50842 86111
-51282 85850
-51703 85597
-51878 85491
-52031 85398
-52426 85156
-52679 85000
-52883 84873
-53125 84722
-54557 83807
-54978 83531
-55154 83415
-55228 83366
-55698 83053
-57238 81999
-57404 81883
-57897 81535
-58031 81440
-58801 80886
-59155 80627
-59525 80354
-59828 80129
-60602 79545
-61152 79123
-61795 78622
-64509 76411
-65381 75666
-65999 75128
-66280 74880
-67281 73982
-67727 73574
-68158 73175
-68697 72669
-69341 72055
-69513 71889
-69819 71592
-69969 71445
-71228 70190
-71346 70070
-71786 69619
-72356 69027
-72548 68825
-73059 68282
-73828 67450
-74170 67074
-74856 66307
-75227 65886
-75455 65625
-76766 64086
-76943 63873
-77173 63596
-77517 63176
-78111 62440
-78209 62317
-78626 61790
-79435 60747
-79743 60342
-81322 58196
-81494 57955
-81823 57490
-81975 57273
-82140 57036
-82919 55898
-83362 55234
-83906 54405
-84117 54078
-84638 53259
-84714 53138
-84818 52972
-85670 51582
-86029 50981
-86122 50824
-86496 50185
-86642 49933
-86995 49315
-87361 48664
-87445 48513
-87771 47920
-88097 47318
-88235 47060
-88674 46228
-88925 45743
-89107 45388
-89144 45315
-89538 44531
-89743 44117
-89820 43960
-90329 42904
-90821 41853
-90894 41694
-91076 41295
-91530 40279
-91841 39564
-91928 39362
-91977 39247
-92262 38573
-92418 38197
-92561 37850
-93375 35795
-93857 34511
-93961 34227
-94349 33142
-94479 32769
-94642 32296
-94703 32117
-94789 31862
-94947 31388
-95065 31028
-95238 30493
-95771 28776
-95831 28576
-95879 28414
-96060 27796
-96197 27318
-96290 26989
-96381 26661
-96493 26253
-96530 26117
-96613 25808
-96730 25367
-96751 25286
-96887 24760
-96905 24689
-96960 24472
-97157 23678
-97263 23240
-97327 22969
-97426 22546
-97555 21981
-97734 21172
-97775 20981
-97838 20684
-97940 20197
-97997 19918
-98226 18757
-98309 18317
-98401 17815
-98512 17192
-98584 16774
-98743 15811
-98871 14989
-98895 14829
-98985 14217
-99069 13620
-99259 12157
-99283 11961
-99345 11431
-99376 11161
-99388 11053
-99439 10586
-99479 10201
-99598 8966
-99628 8624
-99643 8449
-99650 8367
-99757 6973
-99782 6609
-99836 5739
-99869 5134
-99877 4973
-99955 3031
-99959 2894
-99969 2515
-99993 1232
