1000 500
-100000 -365
-99996 -969
-99990 -1476
-99982 -1942
-99973 -2366
-99971 -2448
-99965 -2680
-99952 -3127
-99941 -3459
-99927 -3845
-99897 -4554
-99887 -4768
-99857 -5363
-99816 -6079
-99766 -6852
-99748 -7106
-99705 -7680
-99685 -7941
-99676 -8055
-99638 -8513
-99584 -9120
-99570 -9274
-99499 -10006
-99191 -12702
-99185 -12749
-99100 -13394
-99077 -13562
-98893 -14845
-98829 -15265
-98704 -16053
-98585 -16769
-98556 -16939
-98518 -17157
-98503 -17243
-98462 -17477
-98372 -17975
-98286 -18440
-98234 -18714
-98122 -19295
-98014 -19836
-97927 -20261
-97684 -21402
-97664 -21493
-97435 -22508
-97395 -22681
-97315 -23021
-97211 -23457
-97023 -24221
-96697 -25492
-96607 -25832
-96519 -26157
-96361 -26735
-96330 -26847
-96302 -26947
-96271 -27057
-96207 -27284
-95942 -28202
-95867 -28455
-95634 -29229
-95558 -29476
-95489 -29700
-95087 -30961
-95042 -31100
-94892 -31555
-94869 -31624
-94760 -31948
-94277 -33347
-93947 -34266
-93795 -34679
-93694 -34951
-93481 -35518
-93418 -35683
-93233 -36163
-92948 -36890
-92707 -37491
-92454 -38111
-92211 -38696
-91978 -39246
-91901 -39426
-91677 -39944
-91522 -40298
-90333 -42897
-89743 -44118
-89599 -44410
-89386 -44837
-89362 -44885
-88811 -45965
-88189 -47147
-87371 -48647
-87291 -48790
-87197 -48958
-87122 -49091
-86676 -49875
-86372 -50399
-86190 -50710
-86081 -50895
-85529 -51817
-85406 -52019
-85235 -52299
-84983 -52708
-84772 -53046
-84310 -53777
-84217 -53923
-83902 -54412
-83719 -54693
-83620 -54844
-83415 -55156
-82210 -56936
-81891 -57394
-81135 -58458
-80961 -58699
-80702 -59054
-80608 -59182
-80446 -59402
-80432 -59421
-79850 -60201
-79764 -60315
-79724 -60368
-79180 -61080
-78926 -61408
-78848 -61508
-78268 -62244
-77638 -63028
-77261 -63490
-77138 -63639
-77090 -63697
-76500 -64405
-76278 -64667
-75950 -65052
-75727 -65312
-75120 -66009
-73932 -67337
-73513 -67794
-73002 -68344
-72352 -69032
-71806 -69600
-70816 -70607
-70662 -70761
-70076 -71341
-69622 -71784
-69265 -72128
-68180 -73155
-67834 -73476
-67650 -73646
-67300 -73965
-66952 -74281
-66295 -74868
-65633 -75449
-65505 -75560
-65093 -75915
-64164 -76702
-63790 -77013
-63155 -77535
-62853 -77780
-62744 -77868
-62385 -78156
-61665 -78725
-61231 -79063
-60669 -79495
-60392 -79706
-60048 -79965
-59760 -80181
-59632 -80276
-59064 -80695
-58733 -80936
-58592 -81038
-58084 -81403
-57870 -81555
-57712 -81667
-57514 -81807
-57324 -81940
-56936 -82210
-56617 -82430
-56540 -82483
-55946 -82887
-54929 -83564
-54265 -83997
-53688 -84367
-53442 -84523
-51602 -85659
-51509 -85715
-51307 -85836
-50572 -86271
-50293 -86434
-50160 -86511
-49329 -86988
-49150 -87089
-48908 -87225
-48557 -87421
-47731 -87875
-47022 -88256
-46436 -88566
-45087 -89260
-44887 -89361
-44619 -89495
-43071 -90250
-42303 -90613
-41912 -90794
-41020 -91201
-40859 -91273
-40765 -91315
-40079 -91618
-39655 -91802
-39414 -91906
-39262 -91971
-39138 -92024
-38399 -92335
-37156 -92842
-37086 -92870
-36801 -92983
-36215 -93213
-36084 -93264
-35806 -93371
-35481 -93495
-35147 -93621
-34669 -93799
-34252 -93952
-33691 -94155
-32814 -94464
-32716 -94498
-31564 -94889
-31350 -94960
-31124 -95034
-30294 -95302
-29690 -95492
-29381 -95587
-28512 -95850
-28394 -95885
-28340 -95901
-27199 -96231
-26547 -96413
-25708 -96640
-24521 -96948
-24438 -96969
-23629 -97169
-22199 -97506
-21687 -97621
-21140 -97741
-20842 -97805
-19017 -98176
-17465 -98464
-16804 -98579
-16598 -98614
-15879 -98732
-15427 -98804
-14712 -98913
-14432 -98954
-14093 -99003
-13056 -99145
-12872 -99169
-12352 -99235
-11243 -99367
-10027 -99497
-9590 -99540
-9198 -99577
-8383 -99649
-6112 -99814
-5527 -99848
-5346 -99858
-4312 -99908
-4189 -99913
-3762 -99930
-3604 -99936
-2893 -99959
-2824 -99961
-1939 -99982
-1888 -99983
-1659 -99987
-741 -99998
-582 -99999
888 -99997
1247 -99993
1540 -99989
1781 -99985
1996 -99981
2529 -99969
2964 -99957
3841 -99927
4170 -99914
4555 -99897
4891 -99881
5106 -99870
6220 -99807
7324 -99732
8261 -99659
8942 -99600
9915 -99508
10182 -99481
10365 -99462
10470 -99451
10611 -99436
10881 -99407
11053 -99388
11496 -99338
11657 -99319
12248 -99248
15264 -98829
15290 -98825
15406 -98807
16260 -98670
18258 -98320
19500 -98081
19715 -98038
21654 -97628
21857 -97583
22158 -97515
22701 -97390
23101 -97296
23406 -97223
24008 -97076
24771 -96884
24861 -96861
25063 -96809
25465 -96704
25794 -96617
26028 -96554
26235 -96498
27409 -96171
28142 -95959
29125 -95665
30531 -95226
31291 -94979
31562 -94889
32099 -94709
32293 -94643
32337 -94628
32902 -94433
33701 -94151
34243 -93955
34563 -93838
37250 -92804
37658 -92639
38118 -92451
38272 -92387
38749 -92188
39413 -91906
40158 -91583
41025 -91198
41376 -91039
41453 -91004
42106 -90704
45547 -89026
46059 -88762
46350 -88610
46651 -88452
47380 -88064
47480 -88010
48114 -87665
50093 -86549
52227 -85279
52742 -84961
52898 -84864
53095 -84741
55662 -83077
55833 -82962
56661 -82399
58201 -81319
58572 -81052
58728 -80939
59441 -80417
60515 -79612
61577 -78793
61900 -78540
62300 -78223
62555 -78019
62646 -77946
63088 -77588
63255 -77452
63338 -77384
63560 -77202
65021 -75976
65721 -75371
65922 -75196
66235 -74920
66565 -74627
67173 -74080
67369 -73902
67948 -73370
68058 -73268
68259 -73081
68643 -72720
69578 -71826
70022 -71393
70403 -71018
71167 -70252
71498 -69915
71858 -69545
72048 -69348
72311 -69074
72950 -68398
74154 -67091
74373 -66848
75240 -65871
75694 -65349
75793 -65234
75861 -65155
76271 -64674
76516 -64384
76995 -63811
77196 -63568
77847 -62769
78885 -61459
79423 -60762
79523 -60631
80216 -59711
80567 -59237
80932 -58737
81435 -58038
81540 -57890
81818 -57497
82263 -56858
82674 -56259
82715 -56199
82784 -56097
83092 -55640
83456 -55092
83609 -54860
83786 -54589
84102 -54101
84331 -53743
84759 -53066
85305 -52183
86177 -50730
86258 -50592
86542 -50105
86898 -49485
87039 -49236
87927 -47633
88432 -46689
89233 -45138
89417 -44773
89627 -44351
89869 -43859
89940 -43713
90052 -43482
90235 -43101
90342 -42876
90581 -42368
91273 -40857
91729 -39822
91898 -39431
91978 -39244
93278 -36045
93438 -35628
93466 -35554
93813 -34629
93859 -34504
94279 -33337
94435 -32894
94584 -32464
94606 -32400
94625 -32344
94783 -31877
94860 -31648
95374 -30064
95381 -30042
95525 -29580
95582 -29395
95621 -29268
95795 -28693
96336 -26821
96432 -26474
96444 -26430
96539 -26081
96813 -25044
96886 -24760
97084 -23973
97110 -23868
97253 -23277
97603 -21763
97914 -20318
97958 -20104
98235 -18704
98293 -18398
98389 -17876
98416 -17728
98700 -16070
98726 -15911
98739 -15830
98823 -15298
98927 -14610
98976 -14272
99009 -14042
99038 -13837
99051 -13745
99070 -13607
99109 -13319
99146 -13040
99167 -12880
99336 -11505
99402 -10916
99444 -10528
99533 -9652
99619 -8720
99640 -8477
99650 -8359
99742 -7177
99780 -6630
99792 -6444
99808 -6192
99836 -5724
99859 -5306
99887 -4752
99888 -4731
99917 -4071
99953 -3060
99964 -2668
99978 -2097
99995 -989
99997 751
99987 1587
99980 1981
99961 2777
99959 2847
99941 3427
99931 3709
99922 3948
99913 4169
99903 4401
99899 4491
99875 4992
99829 5844
99753 7022
99744 7150
99726 7394
99699 7750
99624 8661
99555 9421
99463 10349
99409 10854
99187 12725
99129 13169
99037 13842
98977 14265
98869 14995
98820 15313
98724 15923
98603 16656
98428 17661
98362 18024
98196 18908
98144 19175
98103 19385
97985 19973
97789 20910
97606 21749
97438 22489
97321 22990
97041 24145
96728 25371
96599 25856
96550 26038
96465 26352
96435 26462
96134 27535
95643 29196
95419 29920
95220 30547
94988 31261
94799 31830
94708 32099
94657 32249
94599 32419
93527 35393
93445 35609
92795 37269
92755 37369
92585 37788
92260 38575
92130 38885
92057 39057
91766 39736
91430 40503
90866 41753
90745 42015
90566 42400
90306 42951
88644 46284
88322 46895
88108 47296
87702 48044
87649 48141
87395 48601
87091 49144
86688 49851
86417 50319
85706 51521
85578 51733
85526 51819
84851 52917
84619 53287
84429 53588
84317 53764
82128 57052
81979 57266
81633 57758
80520 59300
80378 59492
79512 60645
79434 60747
79269 60962
79014 61292
78706 61687
78381 62100
77856 62757
77690 62962
77161 63609
76999 63805
76885 63942
76515 64385
76434 64481
76015 64974
75363 65729
75059 66076
74795 66375
74025 67233
73828 67449
73267 68058
73042 68299
72357 69025
72147 69244
70332 71087
69743 71665
69544 71858
69240 72151
68059 73266
67588 73701
67022 74216
66073 75062
65525 75541
64663 76280
64320 76569
64014 76825
63735 77057
63322 77397
62564 78011
62414 78131
60945 79282
60707 79464
59608 80292
58540 81074
58423 81158
58042 81431
57350 81920
56249 82680
55852 82949
55065 83473
53954 84195
53473 84502
53267 84632
52847 84895
52768 84944
51770 85556
50646 86226
50347 86401
49931 86642
49377 86959
49087 87123
48829 87268
48103 87670
47145 88189
46752 88398
46404 88581
45976 88804
44792 89407
44168 89717
43199 90187
43128 90221
42188 90665
41469 90996
41031 91194
40674 91354
40561 91404
40083 91615
39490 91872
39357 91929
38647 92230
38297 92376
37175 92833
36754 93000
36514 93095
35978 93303
35745 93393
35327 93552
33543 94206
32781 94474
32596 94538
32007 94739
30637 95191
30603 95202
29423 95573
28592 95825
28323 95905
27985 96004
26827 96334
25954 96573
25438 96710
23438 97214
22986 97322
22804 97365
22671 97396
21258 97714
20855 97801
19755 98029
19479 98084
18855 98206
18751 98226
17943 98377
17739 98414
17431 98469
16656 98603
16199 98679
16040 98705
15835 98738
15424 98803
15392 98808
14376 98961
13281 99114
13160 99130
12690 99191
12140 99260
11623 99322
11320 99357
10650 99431
9427 99554
9151 99580
8616 99628
8511 99637
8178 99665
7275 99735
5980 99821
5456 99851
5284 99860
4555 99896
4094 99916
3096 99952
2642 99965
1084 99994
602 99998
-443 99999
-594 99998
-1606 99987
-2191 99976
-3025 99954
-3313 99945
-3971 99921
-4603 99894
-5758 99834
-5896 99826
-5964 99822
-6301 99801
-6459 99791
-7409 99725
-7773 99697
-8236 99660
-8743 99617
-9024 99592
-9260 99570
-10086 99490
-10338 99464
-10690 99427
-11546 99331
-11859 99294
-12184 99255
-13016 99149
-13333 99107
-13635 99066
-14453 98950
-14555 98935
-14971 98873
-15791 98745
-16052 98703
-17110 98525
-17429 98469
-17966 98373
-18908 98196
-19238 98132
-19671 98046
-20057 97968
-21320 97701
-21969 97557
-23465 97208
-23544 97189
-23998 97078
-25431 96712
-25674 96648
-25742 96630
-26291 96482
-27022 96280
-27351 96187
-27474 96152
-27758 96070
-28031 95991
-28133 95961
-29268 95621
-29505 95548
-29930 95416
-30303 95298
-31091 95044
-31210 95005
-31591 94879
-31797 94810
-31955 94757
-34362 93911
-35173 93610
-35652 93429
-35871 93345
-36182 93225
-37657 92639
-37992 92502
-38312 92370
-38476 92302
-38871 92136
-38954 92101
-39588 91830
-39815 91732
-40553 91408
-41718 90882
-41949 90776
-42040 90734
-42899 90331
-43566 90011
-43920 89839
-44045 89778
-44504 89551
-45000 89303
-46305 88633
-46669 88442
-47286 88114
-47496 88001
-47855 87806
-48089 87678
-48675 87354
-49106 87113
-49451 86917
-49662 86797
-50064 86566
-50272 86445
-50435 86350
-50981 86029
-52237 85272
-52683 84997
-53004 84797
-53325 84596
-54277 83988
-54999 83517
-55662 83077
-56857 82264
-57438 81859
-57602 81744
-58049 81427
-58661 80987
-58861 80842
-58964 80767
-59710 80217
-59999 80001
-60598 79548
-61177 79104
-61551 78813
-62020 78445
-64012 76828
-64036 76808
-64419 76487
-65092 75915
-65469 75590
-65926 75192
-66138 75005
-66393 74780
-66641 74559
-68252 73087
-68329 73015
-68756 72613
-68914 72463
-69128 72259
-69526 71876
-70974 70447
-71420 69995
-71464 69950
-71704 69704
-72221 69168
-72387 68994
-73044 68298
-73291 68033
-73615 67682
-73851 67425
-74270 66963
-74403 66815
-75295 65808
-75555 65510
-75749 65285
-76715 64147
-77637 63028
-77998 62581
-78107 62445
-78384 62097
-78771 61605
-79237 61005
-79415 60773
-79749 60334
-79931 60093
-80243 59675
-80626 59157
-81455 58010
-82225 56913
-82397 56664
-82521 56483
-83169 55525
-83365 55230
-83438 55120
-83541 54964
-83895 54422
-84346 53720
-84465 53533
-84638 53259
-84684 53186
-85151 52434
-85407 52017
-85677 51571
-85707 51521
-86144 50787
-86230 50641
-86693 49844
-87058 49204
-87186 48977
-87596 48239
-88037 47429
-88184 47156
-88507 46547
-88835 45918
-89043 45513
-89372 44864
-89743 44117
-90082 43421
-90616 42295
-90980 41506
-91304 40789
-92394 38256
-92519 37952
-92528 37930
-92828 37190
-92870 37085
-93198 36253
-93343 35878
-93575 35267
-93631 35118
-93722 34875
-93802 34660
-94336 33179
-94436 32894
-94714 32083
-94870 31620
-95082 30977
-95252 30450
-95312 30262
-95551 29498
-95600 29339
-95680 29077
-95705 28995
-95984 28057
-96178 27384
-96326 26860
-96341 26806
-96469 26341
-96666 25608
-96753 25278
-96868 24834
-96918 24639
-97124 23813
-97324 22983
-97547 22016
-97670 21465
-97741 21138
-97845 20653
-97970 20051
-98180 18995
-98316 18280
-98463 17469
-98832 15245
-99017 13993
-99151 13007
-99197 12653
-99314 11701
-99422 10742
-99441 10565
-99509 9905
-99541 9579
-99560 9379
-99613 8799
-99654 8321
-99701 7739
-99706 7674
-99876 4995
-99900 4488
-99921 3993
-99924 3918
-99943 3395
-99959 2895
-99966 2639
-99996 981
-99998 756
